1
P P[6(0,P[9(0,P[6(6,-1)])(3,P[4(4,3)])(6,P[2(2,-3)])(9,P[0(0,1)])])(2,P[6(0,P[4(4,-3)])(3,P[2(2,-21)])(6,P[0(0,-3)])])(4,P[3(0,P[2(2,-3)])(3,P[0(0,3)])])(6,P[0(0,P[0(0,-1)])])]
1
P P[6(0,P[9(0,P[6(6,-1)])(3,P[4(4,3)])(6,P[2(2,-3)])(9,P[0(0,1)])])(2,P[6(0,P[4(4,-3)])(3,P[2(2,-21)])(6,P[0(0,-3)])])(4,P[3(0,P[2(2,-3)])(3,P[0(0,3)])])(6,P[0(0,P[0(0,-1)])])]
1
P P[6(0,P[9(0,P[6(6,-1)])(3,P[4(4,3)])(6,P[2(2,-3)])(9,P[0(0,1)])])(2,P[6(0,P[4(4,-3)])(3,P[2(2,-21)])(6,P[0(0,-3)])])(4,P[3(0,P[2(2,-3)])(3,P[0(0,3)])])(6,P[0(0,P[0(0,-1)])])]
1
P P[6(0,P[9(0,P[6(6,-1)])(3,P[4(4,3)])(6,P[2(2,-3)])(9,P[0(0,1)])])(2,P[6(0,P[4(4,-3)])(3,P[2(2,-21)])(6,P[0(0,-3)])])(4,P[3(0,P[2(2,-3)])(3,P[0(0,3)])])(6,P[0(0,P[0(0,-1)])])]
1
P P[6(0,P[9(0,P[6(6,-1)])(3,P[4(4,3)])(6,P[2(2,-3)])(9,P[0(0,1)])])(2,P[6(0,P[4(4,-3)])(3,P[2(2,-21)])(6,P[0(0,-3)])])(4,P[3(0,P[2(2,-3)])(3,P[0(0,3)])])(6,P[0(0,P[0(0,-1)])])]
1
P P[6(0,P[9(0,P[6(6,-1)])(3,P[4(4,3)])(6,P[2(2,-3)])(9,P[0(0,1)])])(2,P[6(0,P[4(4,-3)])(3,P[2(2,-21)])(6,P[0(0,-3)])])(4,P[3(0,P[2(2,-3)])(3,P[0(0,3)])])(6,P[0(0,P[0(0,-1)])])]
1
P P[6(0,P[9(0,P[6(6,-1)])(3,P[4(4,3)])(6,P[2(2,-3)])(9,P[0(0,1)])])(2,P[6(0,P[4(4,-3)])(3,P[2(2,-21)])(6,P[0(0,-3)])])(4,P[3(0,P[2(2,-3)])(3,P[0(0,3)])])(6,P[0(0,P[0(0,-1)])])]
1
P P[6(0,P[9(0,P[6(6,-1)])(3,P[4(4,3)])(6,P[2(2,-3)])(9,P[0(0,1)])])(2,P[6(0,P[4(4,-3)])(3,P[2(2,-21)])(6,P[0(0,-3)])])(4,P[3(0,P[2(2,-3)])(3,P[0(0,3)])])(6,P[0(0,P[0(0,-1)])])]
1
P P[6(0,P[9(0,P[6(6,-1)])(3,P[4(4,3)])(6,P[2(2,-3)])(9,P[0(0,1)])])(2,P[6(0,P[4(4,-3)])(3,P[2(2,-21)])(6,P[0(0,-3)])])(4,P[3(0,P[2(2,-3)])(3,P[0(0,3)])])(6,P[0(0,P[0(0,-1)])])]
1
P P[6(0,P[9(0,P[6(6,-1)])(3,P[4(4,3)])(6,P[2(2,-3)])(9,P[0(0,1)])])(2,P[6(0,P[4(4,-3)])(3,P[2(2,-21)])(6,P[0(0,-3)])])(4,P[3(0,P[2(2,-3)])(3,P[0(0,3)])])(6,P[0(0,P[0(0,-1)])])]
1
P P[6(0,P[9(0,P[6(6,-1)])(3,P[4(4,3)])(6,P[2(2,-3)])(9,P[0(0,1)])])(2,P[6(0,P[4(4,-3)])(3,P[2(2,-21)])(6,P[0(0,-3)])])(4,P[3(0,P[2(2,-3)])(3,P[0(0,3)])])(6,P[0(0,P[0(0,-1)])])]

