1
  1
    46
      50 100
      50 93.5714
      35 78.5714
      28.5714 78.5714
      28.5714 72.1429
      13.5714 57.1429
      7.14286 57.1429
      7.14286 50.7143
      -7.85714 35.7143
      -14.2857 35.7143
      -14.2857 29.2857
      -29.2857 14.2857
      -35.7143 14.2857
      -35.7143 7.85714
      -50.7143 -7.14286
      -57.1429 -7.14286
      -57.1429 -13.5714
      -72.1429 -28.5714
      -78.5714 -28.5714
      -78.5714 -35
      -93.5714 -50
      -100 -50 -100
      -100 -50 -100
      -50 -93.5714
      -35 -78.5714
      -28.5714 -78.5714
      -28.5714 -72.1429
      -13.5714 -57.1429
      -7.14286 -57.1429
      -7.14286 -50.7143
      7.85714 -35.7143
      14.2857 -35.7143
      14.2857 -29.2857
      29.2857 -14.2857
      35.7143 -14.2857
      35.7143 -7.85714
      50.7143 7.14286
      57.1429 7.14286
      57.1429 13.5714
      72.1429 28.5714
      78.5714 28.5714
      78.5714 35
      93.5714 50
      100 50
      100 100