1.1638e-316 1.16371e-316 1.16379e-316
0.181908 -0.192581 0.0414556
0.0534422 -0.233571 0.0997669
-0.0100445 -0.325821 -0.035382
-0.00449829 0.0699413 -0.0151597
0.0243795 -0.143465 0.138751
-0.220083 -0.113514 0.118305
0.0966502 0.0555349 -0.00988694
0.0798 0.0659714 0.00940426
0.208741 -0.0174347 0.147325
0.247322 0.178265 0.0751505
0.161197 0.137543 0.0219538
0.0345057 -0.0159817 -0.00565001
-0.217569 -0.268976 -0.179238
0.125519 0.0965202 0.0129839
0.219495 -0.00500812 0.00992529
0.106227 0.0612476 0.136294
0.0782477 0.0103135 0.0183315
0.136258 -0.0695478 -0.0662117
-0.0101893 0.0114217 0.112125
-0.12573 -0.442183 -0.00970038
-0.117677 -0.261371 0.170913
0.201505 0.0733667 -0.0141097
0.120755 0.0353703 -0.129133
0.112365 0.128502 0.0882834
0.0867758 -0.336304 0.0126397
-0.0126505 -0.130534 -0.123008
0.148666 0.00704454 0.00267115
0.193514 0.00502232 -0.0791614
0.201439 0.112515 0.148779
-0.166851 -0.448875 -0.0446643
0.079315 0.0479588 0.0751195
0.0846283 -0.0489039 0.131774
0.167868 -0.161422 0.23002
-0.222673 -0.273977 0.00611436
0.139435 -0.248721 -0.138495
0.153532 -0.351342 -0.0060628
-0.117616 -0.366889 0.0626171
0.0572508 -0.0888779 0.258005
0.305856 0.131068 0.149948
0.163769 0.210286 0.132146
0.251827 -0.13825 0.135063
0.209312 -0.168374 -0.0763091
-0.257797 -0.137765 -0.0170168
-0.133503 -0.335314 -0.0582333
-0.24644 -0.325016 -0.101362
-0.0716596 -0.401344 -0.0180206
-0.156824 -0.399828 -0.00642925
-0.124864 -0.419454 -0.0878056
-0.116609 -0.492671 -0.0175746
-0.114308 -0.171071 0.0251661
-0.0280413 -0.356734 0.0485528
-0.102154 -0.12882 0.179482
0.164408 -0.264244 -0.0464553
-0.22494 -0.234712 0.120884
-0.0891261 -0.2756 -0.124659
0.230829 0.181267 0.148021
0.223781 0.238172 0.105719
0.209016 0.238388 0.168482
0.16428 0.293122 0.124651
0.182892 0.199116 0.0677204
0.18855 0.288929 0.0303891
0.22335 0.187045 -0.00466294
0.231406 0.228371 0.0414534
0.131862 -0.141557 -0.146186
0.163826 0.456877 0.163035
0.191054 0.0788311 0.0620298
0.195036 -0.260699 -0.189643
0.29286 -0.265912 -0.180104
0.250172 -0.245161 -0.23879
0.153698 -0.197939 -0.192081
0.0889042 -0.199575 -0.158124
0.0507842 -0.266728 -0.0917448
0.0017957 -0.215601 -0.146258
-0.107552 -0.183769 -0.158934
-0.216337 -0.17314 -0.119602
0.095981 -0.167326 -0.0203657
-0.0060301 -0.0850162 -0.0676843
-0.0211323 -0.300568 0.141013
-0.222707 -0.277246 0.0899814
-0.274827 -0.206058 0.0459718
-0.268343 -0.218385 -0.0364588
-0.282872 -0.257149 0.0105871
-0.356285 -0.40732 -0.177246
0.167801 -0.0956956 0.0975503
0.251544 -0.0643109 0.0825742
0.155055 0.255119 0.165531
0.200241 0.308928 0.186606
0.181568 -0.140068 -0.117702
0.199391 0.486224 0.0984379
0.180013 0.402929 0.153477
0.171082 0.369033 0.218855
0.118172 0.394933 0.182968
0.163996 0.431979 0.208436
0.0767875 -0.348863 -0.0578118
-0.170333 -0.276676 -0.182552
-0.138547 -0.0391507 0.130866
0.101292 -0.411669 -0.0143204
0.219641 0.212954 -0.00676594
0.0456235 0.052142 -0.0327939
0.0788071 -0.414762 -0.0801167
0.136233 -0.458823 -0.0608571
0.0788196 -0.461361 -0.0411177
0.126814 -0.427169 -0.105998
-0.0793887 -0.454451 -0.0558703
-0.125816 -0.475009 -0.0798094
-0.244252 -0.250765 -0.14576
0.102951 0.0342768 0.138791
-0.302655 -0.302442 -0.150721
-0.28666 -0.384748 -0.144726
-0.320516 -0.352699 -0.203704
-0.26466 -0.408328 -0.218082
-0.338699 -0.432539 -0.188738
-0.321444 -0.402381 -0.238384
-0.276622 -0.276994 -0.106879
0.0842949 -0.0819906 0.289533
-0.340665 -0.38349 -0.160955
0.107876 0.0396583 0.0283356
0.282265 -0.212473 -0.202039
0.334356 -0.256337 -0.255439
0.281917 -0.332825 -0.24434
0.280001 -0.280945 -0.288851
0.326814 -0.31075 -0.273074
-0.19803 -0.331549 -0.15053
0.15002 -0.417366 -0.0322374
-0.0879736 -0.374157 -0.0701622
0.164711 -0.425411 -0.0780217
-0.0667558 -0.0392628 0.0827531
-0.093738 -0.449795 -0.0978575
0.122012 0.361476 0.219453
-0.0699246 -0.0547367 -0.0809916
0.136491 0.117791 0.147866
0.152525 0.326431 0.219014
0.146458 0.0735438 -0.0386506
0.11902 -0.455417 -0.0169569
0.105564 -0.0183338 -0.0193522
0.196979 0.459961 0.165766
0.202688 0.421117 0.187962
-0.245854 -0.251906 0.0500907
-0.191641 -0.318062 0.0782337
-0.0883591 -0.105794 -0.142427
0.157424 -0.0657422 0.162239
0.136285 -0.0192794 0.131573
0.130395 -0.0665997 0.236829
0.185303 -0.0983329 0.214164
0.112971 -0.0527642 0.188478
0.0749705 -0.0228736 0.240019
0.0832226 -0.0120124 0.191358
0.0489308 -0.294257 -0.0306246
0.168312 0.0151605 0.154848
0.224715 0.0488564 0.128957
0.137931 -0.0937463 0.197051
0.10917 -0.12956 0.24591
0.211906 0.426666 0.149482
0.175272 0.435003 0.106389
0.169914 -0.44696 -0.0466095
-0.0139307 -0.0676993 0.142976
-0.29006 -0.257956 -0.146986
-0.338641 -0.270357 -0.123493
-0.161978 -0.0943327 0.156524
-0.108385 -0.197113 0.203635
0.244284 -0.284364 -0.199832
-0.170205 -0.0675502 -0.10488
0.175966 0.0331744 -0.0311229
0.23932 0.0288827 -0.040936
0.238289 0.0440729 0.00936957
0.250319 0.0119626 0.0657349
0.254851 0.115394 0.0135786
0.122939 0.0375278 -0.0387831
0.101469 0.0772806 -0.051071
0.0815545 0.0882972 -0.0209692
0.0362933 0.0973821 0.00653674
0.0566337 0.057152 -0.104005
0.288889 0.132948 0.063161
0.0854125 -0.298178 -0.0680724
0.143006 -0.322901 -0.0613263
-0.199819 -0.0502196 0.111147
0.133684 -0.00460144 0.188782
0.219487 -0.0887061 0.126705
0.250329 -0.0462035 0.132153
0.28638 -0.0920299 0.121662
0.218982 -0.0604766 0.165151
0.250497 -0.0815935 0.15148
0.224132 -0.104427 0.18544
0.282593 -0.0534693 0.107486
0.293612 -0.0867444 0.0740688
0.219104 0.259844 0.155245
0.159113 -0.12762 0.204075
0.204065 -0.155743 0.188736
0.15168 -0.106891 0.244747
0.117969 -0.093749 0.267159
0.0807383 -0.123925 0.290809
0.0940062 -0.0910443 0.229901
-0.199535 -0.0458628 0.0444466
0.050087 -0.100069 0.29471
0.0518233 -0.0638998 0.28532
0.145255 -0.145169 0.262203
-0.0350208 -0.0512654 -0.0111436
0.185415 -0.0536018 0.123896
-0.287584 -0.428679 -0.174649
0.155622 -0.0414401 0.20115
-0.231897 -0.277464 -0.0613301
-0.248851 -0.230286 -0.0889309
-0.148208 -0.304915 -0.136801
-0.134331 -0.294605 -0.0888684
-0.160443 -0.300724 -0.0539175
-0.17232 -0.343014 -0.013975
-0.278245 -0.269175 -0.0396298
-0.299277 -0.239725 -0.0218588
-0.174194 -0.0288832 -0.0321609
0.0932964 0.0209658 -0.0828982
0.0707382 0.0119259 -0.132627
0.202496 -0.069245 -0.0279611
0.177987 -0.126448 0.233225
0.246199 -0.143131 0.179402
0.214752 -0.132034 0.160729
0.062281 0.0805668 -0.0545449
-0.00506134 0.0423605 -0.0779516
0.263312 -0.210558 -0.147564
-0.353305 -0.39112 -0.205636
-0.147518 -0.49378 -0.0476212
-0.076077 -0.239323 0.196577
0.0132643 0.0840553 -0.0589743
-0.04877 0.0813288 -0.0572204
-0.0848988 -0.31937 -0.0807373
-0.0189684 -0.291735 -0.103518
0.0937632 0.0727536 0.0466944
0.0866 0.104036 0.0218109
0.0666161 0.0822119 0.0332633
0.130494 -0.117888 0.220182
0.124458 -0.0288935 0.211654
0.193578 -0.217459 -0.211297
0.218257 0.44725 0.11014
0.197422 0.450732 0.0693695
0.159407 0.47085 0.0836497
0.226056 0.468417 0.0821049
0.115038 -0.126565 0.281055
-0.160551 -0.47499 -0.0743341
-0.16004 -0.406477 -0.0554195
0.244782 0.081583 -0.0128321
0.282527 -0.0553087 0.0742037
0.264034 -0.0204204 0.0890042
0.320284 -0.273906 -0.289587
0.349207 -0.283608 -0.272021
0.334403 -0.295946 -0.227621
0.357612 -0.314174 -0.25133
0.325073 -0.330117 -0.240705
0.180411 0.232421 0.097229
0.0552123 0.0103658 0.124487
0.173193 -0.299922 -0.00545742
0.0235632 -0.318079 0.027569
0.0677907 -0.286143 0.0204201
0.10491 -0.306435 0.0435474
0.101996 -0.253541 0.0712137
0.117561 -0.170335 0.102028
0.104977 -0.252858 -0.0945358
0.0551458 -0.276104 0.0698692
0.0800574 -0.455682 -0.069939
0.264651 0.0925944 0.131596
0.235007 0.00811859 0.10762
-0.017851 0.0967457 -0.0397194
0.0125111 0.094509 -0.0281311
0.207372 0.0516697 -0.0468098
0.167597 0.0513239 -0.0820478
0.142032 0.00804145 -0.0914956
0.185018 -0.00522008 -0.160181
0.163967 0.0318309 -0.121377
0.173661 -0.00790503 -0.113435
0.240045 -0.0180919 -0.122722
0.209228 0.0213543 -0.119749
0.136804 -0.00840422 -0.147248
0.208406 -0.0117759 -0.106777
0.244264 0.0124143 -0.0858197
0.214704 0.0345714 -0.0856889
0.179014 0.0655505 -0.0370334
0.111391 0.00619419 -0.110269
0.257815 -0.0394905 0.0661128
0.225327 -0.0678269 0.0391472
0.264742 -0.0959016 0.0933045
0.298403 -0.128622 0.0947857
-0.0182143 0.0786131 -0.08076
0.014684 0.0690881 -0.0916012
0.0195588 0.0277511 -0.118218
-0.0124606 0.0582098 -0.104895
-0.0351499 0.0516448 -0.0833762
0.0341619 0.0327576 -0.0807953
-0.298085 -0.271066 -0.0142433
-0.310659 -0.262137 -0.0439211
-0.29949 -0.285922 -0.0369634
-0.298841 -0.280208 -0.0715713
-0.312868 -0.306936 -0.106177
0.210868 0.0302578 -0.0148702
0.209366 0.0204897 -0.0445925
-0.287991 -0.201746 0.00189969
-0.109564 -0.405008 0.0227181
0.101088 -0.450293 -0.0821939
-0.289614 -0.373008 -0.228377
0.104955 0.0138676 0.151536
0.0831476 0.0981736 0.0485709
0.0944517 0.0850978 0.0865107
-0.128128 -0.0310109 -0.0752518
0.2562 0.149643 0.0445291
0.103346 0.0193467 0.188469
0.133476 0.0275249 0.16966
0.160552 0.0686052 0.145515
0.0957297 0.0622425 -0.0897734
0.174701 0.468403 0.114282
0.139015 0.0495763 -0.000747364
-0.159684 -0.364502 0.0318547
-0.312045 -0.307286 -0.0757728
0.206994 0.272937 0.134769
0.300098 -0.311475 -0.217093
0.0364077 -0.0849531 0.275892
0.0433593 -0.0636611 0.257802
0.0689709 -0.0661839 0.233413
0.0832106 -0.0506762 0.266271
-0.306808 -0.294868 -0.0526298
0.107806 0.0355626 0.16735
0.286965 -0.128042 0.129917
0.0120987 0.0543165 -0.0412455
0.167292 0.033571 0.00020254
0.187362 0.268119 0.190741
0.236198 0.275025 0.187506
0.271107 0.225809 0.168201
0.212295 0.286819 0.229446
0.276183 0.169212 0.183553
0.279802 0.172618 0.131332
0.260334 0.137469 0.154037
0.310109 0.171213 0.159688
0.28129 0.130819 0.109865
0.300191 0.20218 0.184316
0.263371 0.203375 0.200894
0.272595 0.250945 0.210761
0.304553 0.173681 0.188128
0.285579 0.18722 0.200128
0.288861 0.214744 0.207468
-0.0919984 -0.423819 -0.0718681
-0.290219 -0.298408 -0.0914768
-0.281355 -0.325645 -0.116605
-0.304965 -0.274387 -0.0996864
-0.311439 -0.34656 -0.143644
0.336571 -0.295202 -0.292893
0.306664 -0.300829 -0.293621
0.302508 -0.338637 -0.225472
0.308217 -0.0987852 0.0995905
-0.157016 -0.43662 -0.0779524
-0.146059 -0.45879 -0.0953692
-0.166087 -0.0216869 0.0796611
-0.26164 -0.283074 -0.18407
-0.289373 -0.317216 -0.190487
0.147918 -0.466492 -0.0302235
0.0946447 -0.428203 -0.104734
0.122402 0.39935 0.211486
0.194237 0.199473 0.159775
0.162399 0.16167 0.147361
-0.0397831 -0.0280666 0.124373
-0.0798524 -0.0795739 0.139806
-0.0605337 -0.228329 -0.158489
-0.0386488 -0.172802 -0.156247
-0.254549 -0.172422 -0.0729658
-0.100024 -0.487868 -0.0529698
0.154205 -0.24137 -0.0905461
0.198975 -0.150579 0.221885
0.225026 -0.0883626 0.00223083
0.212832 -0.141094 -0.0232074
0.181587 -0.11172 -0.0678951
0.262228 0.0396748 0.0714499
-0.260271 -0.395375 -0.177163
-0.241515 -0.35925 -0.145045
0.112911 0.108667 0.040465
-0.0845688 -0.471483 -0.0215957
0.0995759 -0.375567 -0.085445
-0.0724351 -0.481121 -0.0463119
-0.0881576 -0.494362 -0.0316516
-0.0837056 -0.476097 -0.0686104
0.103568 0.0101953 -0.152581
0.150036 0.183051 0.10549
-0.358747 -0.418679 -0.20296
-0.326799 -0.41626 -0.159378
0.118241 -0.147597 0.264122
0.130013 -0.144838 0.240695
-0.342112 -0.293678 -0.101117
0.131225 0.423842 0.198334
0.147254 0.400387 0.226716
0.1476 0.444951 0.189693
0.0887861 0.0302081 0.119665
0.0876482 -0.00515644 0.126336
0.169801 0.127881 0.162385
0.199117 0.150874 0.15232
0.126426 0.153034 0.122639
0.11097 0.120873 0.123115
0.225879 0.0479156 -0.0280143
-0.130124 -0.380522 -0.071223
-0.165677 -0.165315 0.169334
-0.0420053 -0.203313 0.180591
0.205723 0.473212 0.130851
0.122456 -0.470125 -0.0399254
-0.00932944 0.0940236 -0.0167866
-0.0332996 0.0762006 -0.0232064
0.216442 0.111166 -0.00313318
0.170066 0.44363 0.0784613
0.26462 0.0412138 0.102017
0.296245 -0.252703 -0.266097
0.310786 -0.235583 -0.238168
0.176435 0.35261 0.168986
0.130952 0.346439 0.125994
0.00478753 -0.169743 -0.14045
0.156032 0.249763 0.125044
0.182094 0.267163 0.113011
0.188247 0.307973 0.0798128
0.148223 0.320948 0.0940003
0.219508 -0.237212 -0.121083
0.139698 0.290165 0.179407
0.235807 0.256818 0.221843
0.213918 0.26886 0.205982
0.229995 0.245993 0.19404
0.242877 0.288794 0.216881
0.249381 0.230912 0.212476
0.25826 0.253427 0.183189
0.247745 0.221901 0.18495
0.260181 0.198229 0.171649
0.286531 0.20217 0.157328
0.261354 0.168559 0.156136
0.2609 0.0755793 0.0254764
0.168009 -0.327096 -0.032295
-0.329493 -0.296361 -0.125566
-0.319334 -0.273556 -0.150506
-0.295595 -0.278994 -0.165777
0.172022 -0.102306 0.175127
-0.0923141 -0.427681 -0.0014392
-0.0763264 -0.402966 0.0156595
-0.0460126 -0.36659 0.00441016
0.282417 -0.326686 -0.22143
0.258013 -0.294412 -0.241829
0.271527 -0.299175 -0.208637
0.267933 -0.312923 -0.273072
0.255956 -0.32196 -0.248841
-0.116451 -0.0621201 -0.120692
0.0492475 0.0378121 -0.130603
0.0828213 0.043102 -0.122417
0.0458813 0.0218201 -0.105801
0.348053 -0.305301 -0.276753
-0.155343 -0.0218606 0.0277837
-0.172087 -0.0263626 0.115736
-0.251896 -0.256633 -0.0134442
-0.0679905 -0.286951 0.16837
-0.1166 -0.315167 0.117777
-0.0686235 -0.345891 0.0938632
-0.0346746 -0.25171 0.173889
0.00490816 -0.218573 0.137397
-0.263166 -0.422005 -0.191168
-0.246187 -0.402489 -0.199167
-0.266227 -0.378086 -0.206508
-0.261843 -0.383742 -0.236539
-0.285093 -0.399983 -0.235903
0.231734 0.00745372 -0.124918
-0.303439 -0.383802 -0.251455
-0.28209 -0.381425 -0.247152
-0.224018 -0.0818005 0.0754885
-0.253396 -0.143512 0.0658141
0.185417 0.30759 0.218907
0.178003 0.33272 0.229295
0.213353 0.309909 0.212244
0.20355 0.307563 0.232622
0.199175 0.322828 0.219592
0.22225 0.303622 0.228483
0.223292 -0.132979 0.198
0.230496 -0.159243 0.195033
0.304428 0.156418 0.134619
0.2317 -0.0530392 0.0638719
0.236181 -0.0252474 0.0378663
0.0930259 0.00362528 0.171444
0.00610615 -0.321394 0.0880811
0.0626744 -0.0552102 -0.0630747
0.047233 -0.108058 -0.101883
0.218851 -0.000942938 -0.147053
0.21411 -0.0235414 -0.131412
0.0302874 0.0246897 0.0783443
-0.0162535 -0.0122736 0.0518063
0.212837 -0.116489 0.0312993
0.104642 0.060866 0.0140374
-0.25219 -0.390329 -0.218021
-0.259154 -0.349893 -0.118833
0.196504 -0.216273 -0.0820483
0.184643 0.366378 0.193259
0.186384 0.397777 0.207453
0.0555043 0.038198 0.100943
0.0285704 0.0228928 0.11074
0.0187944 -0.0123288 0.135988
0.0803894 0.0546256 0.104364
0.206953 0.0160721 0.130943
-0.0144105 -0.173669 0.148171
0.21934 0.212545 0.0757678
0.238828 0.199261 0.110513
-0.285405 -0.279905 -0.0255081
0.207952 0.203505 0.044666
0.181232 0.172231 0.0352336
0.142292 0.166603 0.0692919
0.202216 0.2275 0.00505528
0.245999 0.1896 0.0313687
0.241429 0.221404 0.00366804
0.226924 0.254963 0.0144972
0.199754 0.233922 0.0367907
0.193019 0.258966 0.0145865
0.219336 0.258605 0.0463195
0.188122 0.27188 0.0653374
0.167822 0.296801 0.0556104
0.122031 0.323773 0.183874
0.208102 0.284046 0.0498817
0.211626 0.276151 0.024205
0.173733 0.287765 0.0780913
0.177728 0.319329 0.109235
0.185579 0.317836 0.149395
0.164769 0.322839 0.0694666
0.223624 0.238174 -0.00502339
0.324297 -0.254765 -0.211075
0.247804 0.194869 0.00463571
0.241795 0.158704 0.0107716
0.204388 0.158029 0.00947535
0.182251 0.295048 0.101441
0.193797 0.288154 0.0850147
0.27921 0.130795 0.0309852
0.119865 0.159831 0.0916577
-0.265484 -0.245966 0.0302535
0.138533 0.313561 0.146866
0.163785 0.303793 0.106511
0.191307 0.301769 0.0510045
-0.31092 -0.262124 -0.12525
0.200667 -0.190036 0.00304638
0.193421 0.39434 0.178685
0.299487 -0.067075 0.0915123
0.17973 0.24121 0.17774
0.224524 -0.15423 0.170195
0.248672 -0.158447 0.155234
0.264496 -0.13603 0.159711
0.274878 -0.156775 0.140563
0.242996 -0.163904 0.175175
0.270787 -0.142573 0.12329
0.257359 -0.116821 0.114156
0.292328 -0.143848 0.112491
-0.0351433 -0.0101021 0.0879708
-0.219682 -0.173846 0.137442
0.257999 -0.154217 0.170572
0.176024 -0.14939 0.206475
0.0811571 -0.437689 -0.0871595
0.0761045 -0.434867 -0.0567999
0.0767934 -0.395789 -0.0435076
0.182237 0.338769 0.202094
0.214804 0.237895 0.0524269
0.204079 -0.0685964 0.0826876
0.12226 0.145256 0.0661939
0.129794 0.0183272 -0.148997
-0.0714376 -0.373689 0.0558689
0.184321 -0.164714 0.217778
0.203715 -0.166646 0.207749
0.172463 -0.232509 -0.061015
0.18986 -0.230902 -0.00379516
0.197649 -0.200816 -0.0382855
0.262869 0.14876 0.0768814
0.186123 0.476272 0.0752201
0.0742431 -0.317751 -0.0402046
-0.297574 -0.418138 -0.207517
0.0450546 -0.195987 -0.138692
0.0746448 -0.146486 -0.140583
0.106493 -0.329924 -0.0750828
0.148322 0.379968 0.161465
0.117973 0.356222 0.160936
0.304424 -0.235812 -0.190979
0.14564 0.37215 0.231875
0.0323262 0.0512937 -0.114351
0.0589306 -0.0478321 0.268211
0.0531576 -0.0426959 0.24015
0.0717337 -0.0413819 0.2163
-0.0252648 -0.120927 0.139586
0.103448 0.0128992 0.127578
-0.333393 -0.28622 -0.0707048
0.268263 -0.269168 -0.260387
0.184801 -0.258373 -0.144116
0.230043 -0.266964 -0.15748
0.0380829 0.0209246 -0.125222
0.0994226 -0.469957 -0.0270286
-0.17064 -0.0374494 -0.0741604
-0.215357 -0.09069 -0.0527373
-0.294164 -0.2995 -0.0720475
-0.247237 -0.407087 -0.216102
0.178159 0.303574 0.115534
0.173502 0.318738 0.130914
0.158881 0.340848 0.117407
0.17049 0.339272 0.147094
0.150078 0.317859 0.122068
0.16527 0.333042 0.0985442
0.146131 0.340077 0.101279
0.256027 0.24787 0.22555
0.269008 0.232341 0.219869
0.0774013 -0.387334 -0.0711327
0.114784 -0.372767 0.00585535
0.126124 -0.336456 0.0197963
0.0851839 -0.379896 -0.0127081
0.174369 -0.163681 -0.161556
0.222928 -0.174389 -0.137893
0.226719 -0.199577 -0.10511
0.233172 0.203862 0.0481048
0.21935 0.21764 0.0538271
-0.255181 -0.401543 -0.227707
0.231025 0.00837563 -0.0600609
0.233073 0.0282024 -0.0724981
-0.042009 0.0744964 -0.0794139
0.280021 0.0701987 0.0672083
0.0522268 0.0737956 0.00994152
0.280241 0.0746767 0.103288
0.285556 0.0524202 0.0868056
0.108465 -0.0162306 0.168142
0.244777 0.0265729 0.0888912
0.190447 0.316344 0.231118
0.0674305 0.0965159 0.00225575
0.0476442 0.0902756 -0.0249301
0.0649222 0.101635 0.0233652
0.159035 -0.449878 -0.0703374
0.153375 0.33462 0.0886262
-0.314274 -0.334834 -0.175444
-0.172326 -0.277434 0.129685
0.220425 0.0289418 0.11287
0.204336 0.038473 0.126304
0.198243 0.0715072 0.143734
0.0914197 -0.137243 0.267439
0.0920591 0.0238301 0.172272
0.0881067 0.0129901 0.184677
0.0951543 0.00644957 0.205165
0.0771878 -0.00605862 0.213014
-0.329461 -0.272598 -0.100795
-0.291215 -0.250143 -0.0407861
-0.292966 -0.266092 -0.0537128
-0.265148 -0.245973 -0.0345683
-0.234539 -0.25355 -0.0401865
-0.207982 -0.281099 -0.0299697
-0.289592 -0.285988 -0.0545704
-0.343291 -0.367314 -0.187754
0.234119 -0.0108365 -0.0967403
0.244098 -0.00160835 -0.111721
-0.0246433 -0.257486 -0.13949
0.195925 0.253434 0.0512622
0.207032 0.267199 0.0606679
0.18112 0.269963 0.0426811
-0.220716 -0.339016 -0.123024
0.215767 0.453592 0.146987
0.211405 0.442158 0.166369
0.0653024 -0.0217044 0.221125
-0.148563 -0.0435916 -0.0979391
0.0824217 -0.282134 0.0507079
0.0746467 -0.172748 -0.156003
-0.279099 -0.345758 -0.207569
-0.197756 -0.0832601 0.136929
-0.192458 -0.125614 0.152113
-0.346756 -0.40893 -0.226949
-0.337385 -0.382766 -0.226829
-0.340172 -0.396464 -0.240842
-0.325873 -0.384533 -0.241369
-0.316829 -0.367556 -0.224338
0.15682 -0.240406 -0.178742
0.210857 0.264602 0.00816998
0.300352 -0.279636 -0.2989
0.316304 -0.28747 -0.300473
0.248175 -0.241665 -0.141028
0.0623767 -0.112591 0.272533
0.0625087 -0.0802635 0.29878
0.242676 0.24081 0.178735
-0.183676 -0.307165 -0.0907892
-0.276551 -0.270085 -0.00701084
-0.261558 -0.260482 0.00600408
-0.0752317 -0.0726052 -0.119249
-0.238377 -0.256459 0.00581188
-0.227236 -0.262655 -0.016328
-0.287613 -0.227692 0.0187271
-0.0191472 0.0429768 -0.09287
0.00309757 0.0337097 -0.100135
0.00845712 0.04927 -0.117899
-0.00716916 0.0425359 -0.112006
0.00542427 0.0347303 -0.115044
-0.119657 -0.244 -0.168332
-0.170454 -0.203652 -0.155994
-0.155852 -0.136887 -0.133649
-0.197645 -0.117378 -0.0999985
-0.135271 -0.280102 -0.164682
-0.159173 -0.299658 -0.165194
-0.193576 -0.308698 -0.182525
0.254181 0.167871 0.107904
0.14121 -0.384961 -0.0722398
-0.071822 -0.166723 0.189568
0.157295 -0.377961 -0.0360156
0.141312 -0.380024 -0.0091491
0.175022 0.484949 0.0962116
0.187946 0.496138 0.083196
0.169728 0.48885 0.0765753
0.169649 0.472528 0.0688969
0.199504 0.43621 0.0929229
0.199527 0.427597 0.120782
0.219076 0.444608 0.0800247
-0.311335 -0.27338 -0.0281714
-0.322361 -0.284044 -0.0481587
-0.317805 -0.272708 -0.0655597
0.159175 0.348909 0.227419
0.317227 -0.323455 -0.221889
0.313868 -0.284752 -0.205416
0.269234 -0.282587 -0.184631
-0.142605 -0.469899 -0.0226154
-0.141322 -0.495301 -0.0229971
0.0937378 -0.0857156 -0.0923529
0.0972275 0.0278599 0.156779
-0.345304 -0.287749 -0.119044
-0.337558 -0.283873 -0.133494
0.0532505 0.0197797 -0.138116
0.203405 -0.0185829 -0.152356
0.220954 -0.0189915 -0.147628
0.1814 -0.0182346 -0.136978
0.16053 0.457344 0.0718657
0.104819 -0.0381636 0.23735
-0.0396413 0.0909886 -0.0390042
0.288769 0.223674 0.18482
-0.153154 -0.483021 -0.0323999
0.144346 0.274606 0.142085
-0.194749 -0.319519 0.0264721
0.0102902 0.0866762 0.00241823
-0.0292964 0.0677829 -0.092502
0.231351 0.222746 0.140671
0.278181 -0.226171 -0.233215
0.229719 0.0618073 -0.00691179
0.187856 0.435546 0.0771972
-0.236795 -0.250771 -0.0097242
0.184942 0.00104919 -0.00206378
0.156359 -0.0361174 -0.0288632
-0.180269 -0.306253 -0.0215424
-0.128634 -0.160943 0.191251
0.0806699 0.00195122 0.199295
0.102855 0.043533 0.153111
0.126254 0.0460433 0.156591
0.212511 0.260411 0.18158
0.144053 0.430124 0.166113
0.231098 0.258554 0.180187
0.103195 -0.163416 -0.161038
0.22686 -0.0466078 0.00315989
0.231595 0.276344 0.23112
0.25194 0.270975 0.225514
0.253446 0.27401 0.202734
0.0752321 -0.229827 -0.123868
0.142451 -0.277604 0.0343897
0.152566 -0.249657 -0.0653071
0.133904 -0.284377 -0.0616601
0.161507 -0.298077 -0.0480872
0.215124 0.438389 0.131439
0.217955 0.457774 0.127587
0.0647443 -0.181686 0.122728
0.0853027 -0.118758 0.128849
0.228045 -0.165885 0.180639
0.20946 -0.0654526 0.111539
-0.105893 -0.0245918 0.0193224
-0.193667 -0.188095 0.0265016
-0.248442 -0.33402 -0.198061
-0.19083 -0.217017 -0.0248411
0.0988283 -0.00948547 0.220811
0.16224 0.0140461 0.0734848
0.226451 -0.191347 -0.189562
