60
P P[3(0,P[3(0,P[3(0,6629)(1,-9819)(2,18230)(3,25549)])(1,P[2(0,12606)(1,24818)(2,-3555)])(2,P[1(0,11298)(1,-30465)])(3,P[0(0,11089)])])(1,P[2(0,P[2(0,22357)(1,24154)(2,-23091)])(1,P[1(0,-10365)(1,-2022)])(2,P[0(0,30024)])])(2,P[1(0,P[1(0,3259)(1,1388)])(1,P[0(0,-9461)])])(3,P[0(0,P[0(0,6952)])])]
P P[3(0,P[3(0,P[3(0,29187)(1,15543)(2,10872)(3,6154)])(1,P[2(0,-6561)(1,-10213)(2,-22215)])(2,P[1(0,19299)(1,-7297)])(3,P[0(0,-810)])])(1,P[2(0,P[2(0,-16073)(1,2008)(2,-7286)])(1,P[1(0,-11030)(1,-27958)])(2,P[0(0,-8898)])])(2,P[1(0,P[1(0,12313)(1,21069)])(1,P[0(0,-25365)])])(3,P[0(0,P[0(0,11550)])])]
P P[3(0,P[3(0,P[3(0,-19432)(1,15447)(2,-785)(3,30866)])(1,P[2(0,28536)(1,-22017)(2,-31866)])(2,P[1(0,21920)(1,-29883)])(3,P[0(0,16480)])])(1,P[2(0,P[2(0,4670)(1,932)(2,16126)])(1,P[1(0,26348)(1,-10091)])(2,P[0(0,7024)])])(2,P[1(0,P[1(0,22901)(1,16019)])(1,P[0(0,18103)])])(3,P[0(0,P[0(0,-2296)])])]
P P[3(0,P[3(0,P[3(0,-3417)(1,-24774)(2,1585)(3,-14219)])(1,P[2(0,6019)(1,12097)(2,20871)])(2,P[1(0,-22345)(1,22374)])(3,P[0(0,10010)])])(1,P[2(0,P[2(0,30915)(1,454)(2,-11629)])(1,P[1(0,-24809)(1,27937)])(2,P[0(0,-8774)])])(2,P[1(0,P[1(0,15195)(1,16831)])(1,P[0(0,6704)])])(3,P[0(0,P[0(0,-9097)])])]
P P[3(0,P[3(0,P[3(0,13983)(1,-17001)(2,24827)(3,29041)])(1,P[2(0,-31326)(1,-9943)(2,-4930)])(2,P[1(0,-4145)(1,-31351)])(3,P[0(0,-5855)])])(1,P[2(0,P[2(0,29755)(1,-14895)(2,-20431)])(1,P[1(0,24963)(1,31355)])(2,P[0(0,-27551)])])(2,P[1(0,P[1(0,-26476)(1,12536)])(1,P[0(0,-17482)])])(3,P[0(0,P[0(0,21701)])])]
P P[3(0,P[3(0,P[3(0,-12876)(1,-2146)(2,-10084)(3,-6401)])(1,P[2(0,5147)(1,14825)(2,11361)])(2,P[1(0,-32582)(1,-19523)])(3,P[0(0,17508)])])(1,P[2(0,P[2(0,-3023)(1,-31838)(2,7726)])(1,P[1(0,11428)(1,2890)])(2,P[0(0,-19334)])])(2,P[1(0,P[1(0,-9314)(1,-7779)])(1,P[0(0,12789)])])(3,P[0(0,P[0(0,27624)])])]
P P[3(0,P[3(0,P[3(0,24844)(1,-6666)(2,-28888)(3,-32765)])(1,P[2(0,-10689)(1,2905)(2,-1129)])(2,P[1(0,-32244)(1,-1695)])(3,P[0(0,-28749)])])(1,P[2(0,P[2(0,17268)(1,-2714)(2,23206)])(1,P[1(0,6223)(1,28559)])(2,P[0(0,-1622)])])(2,P[1(0,P[1(0,25256)(1,-11132)])(1,P[0(0,22998)])])(3,P[0(0,P[0(0,30902)])])]
P P[3(0,P[3(0,P[3(0,17184)(1,13799)(2,9658)(3,-31540)])(1,P[2(0,26617)(1,4624)(2,14739)])(2,P[1(0,-2130)(1,1802)])(3,P[0(0,22618)])])(1,P[2(0,P[2(0,-13104)(1,28714)(2,6765)])(1,P[1(0,28183)(1,18015)])(2,P[0(0,31691)])])(2,P[1(0,P[1(0,26338)(1,-17527)])(1,P[0(0,25185)])])(3,P[0(0,P[0(0,29422)])])]
P P[3(0,P[3(0,P[3(0,-17039)(1,-29730)(2,2238)(3,18074)])(1,P[2(0,30760)(1,-29148)(2,-3399)])(2,P[1(0,5143)(1,7512)])(3,P[0(0,13900)])])(1,P[2(0,P[2(0,-25849)(1,-7016)(2,-13387)])(1,P[1(0,-21270)(1,14596)])(2,P[0(0,10273)])])(2,P[1(0,P[1(0,-30990)(1,-32749)])(1,P[0(0,20996)])])(3,P[0(0,P[0(0,3622)])])]
P P[3(0,P[3(0,P[3(0,22622)(1,-5967)(2,11233)(3,-6917)])(1,P[2(0,-15353)(1,1400)(2,1856)])(2,P[1(0,6935)(1,3015)])(3,P[0(0,26716)])])(1,P[2(0,P[2(0,14994)(1,-31873)(2,2042)])(1,P[1(0,22781)(1,7932)])(2,P[0(0,-13764)])])(2,P[1(0,P[1(0,-24462)(1,-28444)])(1,P[0(0,12880)])])(3,P[0(0,P[0(0,24502)])])]
P P[3(0,P[3(0,P[3(0,20507)(1,-19099)(2,-28920)(3,-24507)])(1,P[2(0,4742)(1,-24092)(2,11337)])(2,P[1(0,2432)(1,-457)])(3,P[0(0,-22534)])])(1,P[2(0,P[2(0,-11332)(1,-31166)(2,31383)])(1,P[1(0,28251)(1,20493)])(2,P[0(0,-13420)])])(2,P[1(0,P[1(0,26735)(1,-19139)])(1,P[0(0,-937)])])(3,P[0(0,P[0(0,6974)])])]
P P[3(0,P[3(0,P[3(0,-28160)(1,7703)(2,-26186)(3,19253)])(1,P[2(0,15189)(1,20802)(2,-29584)])(2,P[1(0,2205)(1,-10834)])(3,P[0(0,-9930)])])(1,P[2(0,P[2(0,27320)(1,29245)(2,26806)])(1,P[1(0,-684)(1,-13166)])(2,P[0(0,28613)])])(2,P[1(0,P[1(0,31695)(1,17938)])(1,P[0(0,-13413)])])(3,P[0(0,P[0(0,-24992)])])]
P P[3(0,P[3(0,P[3(0,17914)(1,30137)(2,-23543)(3,30279)])(1,P[2(0,7116)(1,-32235)(2,-29349)])(2,P[1(0,-327)(1,-18434)])(3,P[0(0,-7179)])])(1,P[2(0,P[2(0,26853)(1,14863)(2,9657)])(1,P[1(0,17482)(1,-2787)])(2,P[0(0,-2008)])])(2,P[1(0,P[1(0,-9528)(1,20570)])(1,P[0(0,-4530)])])(3,P[0(0,P[0(0,14776)])])]
P P[3(0,P[3(0,P[3(0,-12307)(1,18681)(2,-5327)(3,30942)])(1,P[2(0,14100)(1,14606)(2,-32690)])(2,P[1(0,-6379)(1,5465)])(3,P[0(0,-12862)])])(1,P[2(0,P[2(0,32446)(1,-31459)(2,-12234)])(1,P[1(0,-23486)(1,4334)])(2,P[0(0,-25350)])])(2,P[1(0,P[1(0,26069)(1,12066)])(1,P[0(0,-5068)])])(3,P[0(0,P[0(0,-10099)])])]
P P[3(0,P[3(0,P[3(0,-16147)(1,22239)(2,-7079)(3,20928)])(1,P[2(0,1606)(1,-16966)(2,-18540)])(2,P[1(0,29025)(1,21985)])(3,P[0(0,-8902)])])(1,P[2(0,P[2(0,-32222)(1,-16594)(2,8364)])(1,P[1(0,28340)(1,25570)])(2,P[0(0,-29567)])])(2,P[1(0,P[1(0,22908)(1,30242)])(1,P[0(0,-20882)])])(3,P[0(0,P[0(0,-15718)])])]
P P[3(0,P[3(0,P[3(0,11322)(1,-24775)(2,-15229)(3,29154)])(1,P[2(0,20317)(1,18044)(2,1345)])(2,P[1(0,-6428)(1,-22431)])(3,P[0(0,-21330)])])(1,P[2(0,P[2(0,-16863)(1,26814)(2,14890)])(1,P[1(0,-11238)(1,6447)])(2,P[0(0,29691)])])(2,P[1(0,P[1(0,-29186)(1,-5601)])(1,P[0(0,22177)])])(3,P[0(0,P[0(0,-27693)])])]
P P[3(0,P[3(0,P[3(0,-4576)(1,-32439)(2,2507)(3,24971)])(1,P[2(0,-726)(1,-9368)(2,10677)])(2,P[1(0,5782)(1,17728)])(3,P[0(0,664)])])(1,P[2(0,P[2(0,-15373)(1,28946)(2,-22654)])(1,P[1(0,22035)(1,-3813)])(2,P[0(0,-28408)])])(2,P[1(0,P[1(0,15193)(1,-25058)])(1,P[0(0,15093)])])(3,P[0(0,P[0(0,12650)])])]
P P[3(0,P[3(0,P[3(0,-1840)(1,-26086)(2,-30614)(3,-7321)])(1,P[2(0,30126)(1,23230)(2,29243)])(2,P[1(0,-29848)(1,8357)])(3,P[0(0,-1019)])])(1,P[2(0,P[2(0,12591)(1,14774)(2,9263)])(1,P[1(0,-4060)(1,6113)])(2,P[0(0,-3558)])])(2,P[1(0,P[1(0,-21569)(1,-24267)])(1,P[0(0,-31077)])])(3,P[0(0,P[0(0,17509)])])]
P P[3(0,P[3(0,P[3(0,10899)(1,30849)(2,-29538)(3,-2349)])(1,P[2(0,-5463)(1,-31157)(2,17131)])(2,P[1(0,25012)(1,32446)])(3,P[0(0,-22609)])])(1,P[2(0,P[2(0,-17821)(1,20077)(2,-11596)])(1,P[1(0,29071)(1,18943)])(2,P[0(0,-16286)])])(2,P[1(0,P[1(0,871)(1,-21843)])(1,P[0(0,-17839)])])(3,P[0(0,P[0(0,-21488)])])]
P P[3(0,P[3(0,P[3(0,14703)(1,-19632)(2,-12115)(3,14272)])(1,P[2(0,-16101)(1,-30724)(2,7447)])(2,P[1(0,26089)(1,15744)])(3,P[0(0,8552)])])(1,P[2(0,P[2(0,11952)(1,19001)(2,-16960)])(1,P[1(0,31721)(1,25385)])(2,P[0(0,20047)])])(2,P[1(0,P[1(0,-23411)(1,-5843)])(1,P[0(0,-15096)])])(3,P[0(0,P[0(0,30066)])])]
P P[3(0,P[3(0,P[3(0,-27216)(1,-11020)(2,-25124)(3,20013)])(1,P[2(0,8360)(1,-5525)(2,10343)])(2,P[1(0,9149)(1,-20797)])(3,P[0(0,-17980)])])(1,P[2(0,P[2(0,337)(1,14167)(2,25852)])(1,P[1(0,-29231)(1,8530)])(2,P[0(0,7149)])])(2,P[1(0,P[1(0,-5997)(1,-27552)])(1,P[0(0,10643)])])(3,P[0(0,P[0(0,17835)])])]
P P[3(0,P[3(0,P[3(0,-21648)(1,-8253)(2,-1226)(3,-7664)])(1,P[2(0,-8378)(1,30294)(2,-9755)])(2,P[1(0,3997)(1,-27117)])(3,P[0(0,11164)])])(1,P[2(0,P[2(0,-2604)(1,11810)(2,-16331)])(1,P[1(0,9079)(1,19171)])(2,P[0(0,26880)])])(2,P[1(0,P[1(0,7046)(1,5917)])(1,P[0(0,-30864)])])(3,P[0(0,P[0(0,2145)])])]
P P[3(0,P[3(0,P[3(0,12123)(1,4115)(2,25528)(3,8118)])(1,P[2(0,20589)(1,8440)(2,25008)])(2,P[1(0,24797)(1,-21057)])(3,P[0(0,6012)])])(1,P[2(0,P[2(0,-7729)(1,-16520)(2,-12720)])(1,P[1(0,-24561)(1,16069)])(2,P[0(0,20648)])])(2,P[1(0,P[1(0,-4331)(1,9001)])(1,P[0(0,17452)])])(3,P[0(0,P[0(0,-27637)])])]
P P[3(0,P[3(0,P[3(0,-31270)(1,6790)(2,6737)(3,-17244)])(1,P[2(0,-10503)(1,-5529)(2,27694)])(2,P[1(0,-18256)(1,19079)])(3,P[0(0,-17270)])])(1,P[2(0,P[2(0,-26319)(1,-15078)(2,14016)])(1,P[1(0,5804)(1,28359)])(2,P[0(0,32695)])])(2,P[1(0,P[1(0,4252)(1,29116)])(1,P[0(0,-12632)])])(3,P[0(0,P[0(0,-8504)])])]
P P[3(0,P[3(0,P[3(0,28521)(1,9002)(2,28631)(3,-30803)])(1,P[2(0,-4124)(1,-10644)(2,-4189)])(2,P[1(0,8397)(1,23727)])(3,P[0(0,-4019)])])(1,P[2(0,P[2(0,17184)(1,8871)(2,-13466)])(1,P[1(0,-8599)(1,-4692)])(2,P[0(0,-9646)])])(2,P[1(0,P[1(0,-4326)(1,-24950)])(1,P[0(0,19366)])])(3,P[0(0,P[0(0,-23624)])])]
P P[3(0,P[3(0,P[3(0,18033)(1,-3447)(2,-20617)(3,-30365)])(1,P[2(0,19988)(1,17176)(2,11029)])(2,P[1(0,-21191)(1,-12108)])(3,P[0(0,-13813)])])(1,P[2(0,P[2(0,-30023)(1,22496)(2,12022)])(1,P[1(0,-30191)(1,127)])(2,P[0(0,32535)])])(2,P[1(0,P[1(0,-18641)(1,-573)])(1,P[0(0,4052)])])(3,P[0(0,P[0(0,904)])])]
P P[3(0,P[3(0,P[3(0,-21936)(1,12603)(2,2236)(3,17186)])(1,P[2(0,2020)(1,29298)(2,24748)])(2,P[1(0,-21959)(1,-14668)])(3,P[0(0,-7559)])])(1,P[2(0,P[2(0,19998)(1,29776)(2,-20791)])(1,P[1(0,30177)(1,30310)])(2,P[0(0,21279)])])(2,P[1(0,P[1(0,-14817)(1,-15952)])(1,P[0(0,-8530)])])(3,P[0(0,P[0(0,-16979)])])]
P P[3(0,P[3(0,P[3(0,4694)(1,-13506)(2,-9771)(3,16339)])(1,P[2(0,-197)(1,-11094)(2,-28620)])(2,P[1(0,9698)(1,9159)])(3,P[0(0,-23110)])])(1,P[2(0,P[2(0,27214)(1,25103)(2,22013)])(1,P[1(0,25785)(1,31315)])(2,P[0(0,18320)])])(2,P[1(0,P[1(0,-15554)(1,-27255)])(1,P[0(0,-31578)])])(3,P[0(0,P[0(0,-7063)])])]
P P[3(0,P[3(0,P[3(0,-3226)(1,15198)(2,2254)(3,17298)])(1,P[2(0,-23094)(1,-26056)(2,6546)])(2,P[1(0,-7534)(1,-13835)])(3,P[0(0,-15345)])])(1,P[2(0,P[2(0,-16820)(1,18319)(2,3716)])(1,P[1(0,10213)(1,-2315)])(2,P[0(0,-237)])])(2,P[1(0,P[1(0,25184)(1,10067)])(1,P[0(0,-2934)])])(3,P[0(0,P[0(0,21925)])])]
P P[3(0,P[3(0,P[3(0,28802)(1,-6664)(2,12394)(3,1868)])(1,P[2(0,25389)(1,6783)(2,1876)])(2,P[1(0,21356)(1,-9688)])(3,P[0(0,9510)])])(1,P[2(0,P[2(0,-408)(1,22562)(2,-12572)])(1,P[1(0,-9847)(1,8178)])(2,P[0(0,26085)])])(2,P[1(0,P[1(0,-24160)(1,-25205)])(1,P[0(0,-3569)])])(3,P[0(0,P[0(0,-26516)])])]
P P[3(0,P[3(0,P[3(0,28281)(1,15729)(2,-23712)(3,-3571)])(1,P[2(0,27257)(1,-25964)(2,20215)])(2,P[1(0,-31960)(1,9470)])(3,P[0(0,582)])])(1,P[2(0,P[2(0,-29379)(1,-29742)(2,17043)])(1,P[1(0,-25310)(1,-25230)])(2,P[0(0,12536)])])(2,P[1(0,P[1(0,21665)(1,19931)])(1,P[0(0,-15502)])])(3,P[0(0,P[0(0,24577)])])]
P P[3(0,P[3(0,P[3(0,-30886)(1,-28459)(2,-27201)(3,26621)])(1,P[2(0,1987)(1,-4495)(2,-8449)])(2,P[1(0,-7942)(1,19595)])(3,P[0(0,-18544)])])(1,P[2(0,P[2(0,2862)(1,-15911)(2,-11574)])(1,P[1(0,-27502)(1,519)])(2,P[0(0,-2189)])])(2,P[1(0,P[1(0,13912)(1,-2685)])(1,P[0(0,13150)])])(3,P[0(0,P[0(0,-13921)])])]
P P[3(0,P[3(0,P[3(0,-31041)(1,-9200)(2,2585)(3,-20936)])(1,P[2(0,-5414)(1,28815)(2,14588)])(2,P[1(0,-25330)(1,16110)])(3,P[0(0,-18678)])])(1,P[2(0,P[2(0,2420)(1,-13963)(2,13274)])(1,P[1(0,-15594)(1,-6955)])(2,P[0(0,2057)])])(2,P[1(0,P[1(0,31089)(1,20241)])(1,P[0(0,-5173)])])(3,P[0(0,P[0(0,-30613)])])]
P P[3(0,P[3(0,P[3(0,-1912)(1,-26963)(2,-10948)(3,-11082)])(1,P[2(0,-1826)(1,-15870)(2,22127)])(2,P[1(0,28456)(1,-32723)])(3,P[0(0,20127)])])(1,P[2(0,P[2(0,-23723)(1,24968)(2,-5455)])(1,P[1(0,-12774)(1,-21177)])(2,P[0(0,3620)])])(2,P[1(0,P[1(0,6161)(1,-1301)])(1,P[0(0,-3474)])])(3,P[0(0,P[0(0,-31203)])])]
P P[3(0,P[3(0,P[3(0,7965)(1,6528)(2,-11056)(3,-21049)])(1,P[2(0,20567)(1,-31855)(2,-12297)])(2,P[1(0,-1813)(1,-28489)])(3,P[0(0,28675)])])(1,P[2(0,P[2(0,-25958)(1,-16321)(2,2527)])(1,P[1(0,11839)(1,16209)])(2,P[0(0,21851)])])(2,P[1(0,P[1(0,32313)(1,1504)])(1,P[0(0,-13650)])])(3,P[0(0,P[0(0,3673)])])]
P P[3(0,P[3(0,P[3(0,690)(1,-17734)(2,1101)(3,-11720)])(1,P[2(0,-3081)(1,21546)(2,-303)])(2,P[1(0,-17658)(1,-6661)])(3,P[0(0,4592)])])(1,P[2(0,P[2(0,10881)(1,25907)(2,24598)])(1,P[1(0,-16992)(1,-15789)])(2,P[0(0,4437)])])(2,P[1(0,P[1(0,19219)(1,22209)])(1,P[0(0,-17340)])])(3,P[0(0,P[0(0,32141)])])]
P P[3(0,P[3(0,P[3(0,2179)(1,-26355)(2,11857)(3,5886)])(1,P[2(0,25841)(1,10603)(2,-19273)])(2,P[1(0,12141)(1,14937)])(3,P[0(0,-21289)])])(1,P[2(0,P[2(0,26344)(1,27497)(2,26343)])(1,P[1(0,717)(1,-29409)])(2,P[0(0,-19672)])])(2,P[1(0,P[1(0,17356)(1,-28134)])(1,P[0(0,-9284)])])(3,P[0(0,P[0(0,-369)])])]
P P[3(0,P[3(0,P[3(0,-18773)(1,11353)(2,-26358)(3,-2571)])(1,P[2(0,25290)(1,25442)(2,-909)])(2,P[1(0,23278)(1,-591)])(3,P[0(0,31886)])])(1,P[2(0,P[2(0,-1130)(1,19342)(2,21140)])(1,P[1(0,-27343)(1,-15867)])(2,P[0(0,16828)])])(2,P[1(0,P[1(0,-19521)(1,11196)])(1,P[0(0,-2579)])])(3,P[0(0,P[0(0,-9927)])])]
P P[3(0,P[3(0,P[3(0,-23172)(1,15481)(2,-28232)(3,-19330)])(1,P[2(0,-30625)(1,337)(2,-28019)])(2,P[1(0,16672)(1,10272)])(3,P[0(0,28600)])])(1,P[2(0,P[2(0,-14860)(1,8538)(2,-30782)])(1,P[1(0,-5732)(1,-12940)])(2,P[0(0,8396)])])(2,P[1(0,P[1(0,12219)(1,-28789)])(1,P[0(0,31635)])])(3,P[0(0,P[0(0,-26152)])])]
P P[3(0,P[3(0,P[3(0,-11819)(1,28487)(2,-1945)(3,-25926)])(1,P[2(0,27501)(1,-10388)(2,-9400)])(2,P[1(0,-16903)(1,13232)])(3,P[0(0,3244)])])(1,P[2(0,P[2(0,-4330)(1,-312)(2,3827)])(1,P[1(0,25098)(1,29585)])(2,P[0(0,-15871)])])(2,P[1(0,P[1(0,30656)(1,7396)])(1,P[0(0,12945)])])(3,P[0(0,P[0(0,-27028)])])]
P P[3(0,P[3(0,P[3(0,30703)(1,-30698)(2,-29690)(3,-12635)])(1,P[2(0,16081)(1,-10901)(2,18184)])(2,P[1(0,8967)(1,2652)])(3,P[0(0,6436)])])(1,P[2(0,P[2(0,13708)(1,-16359)(2,1176)])(1,P[1(0,19114)(1,-15270)])(2,P[0(0,-23673)])])(2,P[1(0,P[1(0,4985)(1,29658)])(1,P[0(0,20200)])])(3,P[0(0,P[0(0,20589)])])]
P P[3(0,P[3(0,P[3(0,-20319)(1,-21340)(2,-8865)(3,1019)])(1,P[2(0,-31035)(1,7385)(2,18673)])(2,P[1(0,-25124)(1,-3549)])(3,P[0(0,-15132)])])(1,P[2(0,P[2(0,7530)(1,-7760)(2,-32665)])(1,P[1(0,-21943)(1,-19910)])(2,P[0(0,4504)])])(2,P[1(0,P[1(0,26688)(1,-14843)])(1,P[0(0,25385)])])(3,P[0(0,P[0(0,27417)])])]
P P[3(0,P[3(0,P[3(0,-10100)(1,10906)(2,920)(3,-7389)])(1,P[2(0,-13023)(1,-502)(2,15649)])(2,P[1(0,-15337)(1,-3527)])(3,P[0(0,-18432)])])(1,P[2(0,P[2(0,19356)(1,242)(2,-27784)])(1,P[1(0,-5493)(1,-6412)])(2,P[0(0,-15775)])])(2,P[1(0,P[1(0,-29576)(1,28172)])(1,P[0(0,12238)])])(3,P[0(0,P[0(0,31573)])])]
P P[3(0,P[3(0,P[3(0,6255)(1,-5498)(2,-2914)(3,4538)])(1,P[2(0,-3810)(1,-16440)(2,20381)])(2,P[1(0,12181)(1,31024)])(3,P[0(0,-27640)])])(1,P[2(0,P[2(0,-19137)(1,-6228)(2,30532)])(1,P[1(0,5489)(1,-2978)])(2,P[0(0,30215)])])(2,P[1(0,P[1(0,-1423)(1,15182)])(1,P[0(0,8435)])])(3,P[0(0,P[0(0,-18570)])])]
P P[3(0,P[3(0,P[3(0,-21814)(1,-19780)(2,2385)(3,-22181)])(1,P[2(0,-10450)(1,-24529)(2,-14169)])(2,P[1(0,19144)(1,-2495)])(3,P[0(0,-7079)])])(1,P[2(0,P[2(0,2081)(1,-5329)(2,13848)])(1,P[1(0,2212)(1,22324)])(2,P[0(0,12109)])])(2,P[1(0,P[1(0,20709)(1,-32395)])(1,P[0(0,-24819)])])(3,P[0(0,P[0(0,-17120)])])]
P P[3(0,P[3(0,P[3(0,5444)(1,-15924)(2,-20321)(3,-24351)])(1,P[2(0,31633)(1,18258)(2,-32075)])(2,P[1(0,-761)(1,31533)])(3,P[0(0,-5297)])])(1,P[2(0,P[2(0,1802)(1,13518)(2,-29885)])(1,P[1(0,-5595)(1,14757)])(2,P[0(0,8427)])])(2,P[1(0,P[1(0,-11984)(1,-27802)])(1,P[0(0,-25393)])])(3,P[0(0,P[0(0,-5367)])])]
P P[3(0,P[3(0,P[3(0,15792)(1,4149)(2,-5713)(3,-20576)])(1,P[2(0,20555)(1,-25838)(2,11575)])(2,P[1(0,-19123)(1,19063)])(3,P[0(0,10880)])])(1,P[2(0,P[2(0,21746)(1,-20312)(2,-25887)])(1,P[1(0,-1563)(1,-10213)])(2,P[0(0,-19168)])])(2,P[1(0,P[1(0,10385)(1,-17088)])(1,P[0(0,10880)])])(3,P[0(0,P[0(0,-17862)])])]
P P[3(0,P[3(0,P[3(0,18287)(1,-17578)(2,-11793)(3,-6434)])(1,P[2(0,15747)(1,-16537)(2,17457)])(2,P[1(0,-7864)(1,6890)])(3,P[0(0,-21724)])])(1,P[2(0,P[2(0,14166)(1,-23998)(2,25181)])(1,P[1(0,32350)(1,24970)])(2,P[0(0,-17290)])])(2,P[1(0,P[1(0,137)(1,11146)])(1,P[0(0,-18777)])])(3,P[0(0,P[0(0,8137)])])]
P P[3(0,P[3(0,P[3(0,-31167)(1,-8278)(2,-19465)(3,-3388)])(1,P[2(0,-21392)(1,4661)(2,-18538)])(2,P[1(0,493)(1,-21020)])(3,P[0(0,-17098)])])(1,P[2(0,P[2(0,5555)(1,-11198)(2,29967)])(1,P[1(0,-6588)(1,-30582)])(2,P[0(0,-1591)])])(2,P[1(0,P[1(0,24851)(1,5141)])(1,P[0(0,16653)])])(3,P[0(0,P[0(0,-21379)])])]
P P[3(0,P[3(0,P[3(0,27984)(1,14271)(2,-9776)(3,-29659)])(1,P[2(0,-30464)(1,28141)(2,-3486)])(2,P[1(0,28734)(1,-12539)])(3,P[0(0,17376)])])(1,P[2(0,P[2(0,5183)(1,8099)(2,25144)])(1,P[1(0,-22372)(1,-3139)])(2,P[0(0,15446)])])(2,P[1(0,P[1(0,-22898)(1,16493)])(1,P[0(0,13448)])])(3,P[0(0,P[0(0,12653)])])]
P P[3(0,P[3(0,P[3(0,-30090)(1,-26281)(2,32584)(3,-13116)])(1,P[2(0,28841)(1,-3238)(2,-21601)])(2,P[1(0,-31198)(1,-10332)])(3,P[0(0,-1874)])])(1,P[2(0,P[2(0,15890)(1,-24335)(2,-12529)])(1,P[1(0,22831)(1,-28510)])(2,P[0(0,-11318)])])(2,P[1(0,P[1(0,21413)(1,-2206)])(1,P[0(0,25469)])])(3,P[0(0,P[0(0,-13318)])])]
P P[3(0,P[3(0,P[3(0,-27524)(1,-31888)(2,17556)(3,-21279)])(1,P[2(0,13858)(1,-4670)(2,-20092)])(2,P[1(0,6679)(1,-5071)])(3,P[0(0,28496)])])(1,P[2(0,P[2(0,-23249)(1,-9227)(2,-6371)])(1,P[1(0,-7412)(1,-22257)])(2,P[0(0,6234)])])(2,P[1(0,P[1(0,-26155)(1,-11639)])(1,P[0(0,6416)])])(3,P[0(0,P[0(0,28544)])])]
P P[3(0,P[3(0,P[3(0,21276)(1,662)(2,-31303)(3,30644)])(1,P[2(0,-5249)(1,3321)(2,23397)])(2,P[1(0,21657)(1,-30033)])(3,P[0(0,14205)])])(1,P[2(0,P[2(0,-21658)(1,21137)(2,-22887)])(1,P[1(0,8537)(1,-17872)])(2,P[0(0,14628)])])(2,P[1(0,P[1(0,20296)(1,-10453)])(1,P[0(0,5132)])])(3,P[0(0,P[0(0,19269)])])]
P P[3(0,P[3(0,P[3(0,-17107)(1,15592)(2,11826)(3,-14188)])(1,P[2(0,5592)(1,32746)(2,11060)])(2,P[1(0,30746)(1,-24840)])(3,P[0(0,28848)])])(1,P[2(0,P[2(0,-30474)(1,15595)(2,-487)])(1,P[1(0,-29578)(1,5022)])(2,P[0(0,27236)])])(2,P[1(0,P[1(0,-14474)(1,2736)])(1,P[0(0,-24842)])])(3,P[0(0,P[0(0,-10028)])])]
P P[3(0,P[3(0,P[3(0,-17275)(1,-1499)(2,31800)(3,-28719)])(1,P[2(0,16970)(1,13317)(2,-7248)])(2,P[1(0,2564)(1,24562)])(3,P[0(0,-29090)])])(1,P[2(0,P[2(0,26565)(1,8615)(2,24197)])(1,P[1(0,10717)(1,15964)])(2,P[0(0,-10991)])])(2,P[1(0,P[1(0,-7279)(1,-14069)])(1,P[0(0,20185)])])(3,P[0(0,P[0(0,29961)])])]
P P[3(0,P[3(0,P[3(0,-106)(1,-2680)(2,-12070)(3,-9513)])(1,P[2(0,-31982)(1,30145)(2,-28675)])(2,P[1(0,15851)(1,-11614)])(3,P[0(0,649)])])(1,P[2(0,P[2(0,10602)(1,-7173)(2,7995)])(1,P[1(0,-26756)(1,-12131)])(2,P[0(0,29519)])])(2,P[1(0,P[1(0,17450)(1,-19489)])(1,P[0(0,32463)])])(3,P[0(0,P[0(0,-23871)])])]
P P[3(0,P[3(0,P[3(0,-20922)(1,-31710)(2,9549)(3,-7269)])(1,P[2(0,-28778)(1,-8441)(2,1428)])(2,P[1(0,-14841)(1,-23157)])(3,P[0(0,-32759)])])(1,P[2(0,P[2(0,-23078)(1,-18856)(2,-19967)])(1,P[1(0,32427)(1,-16214)])(2,P[0(0,15295)])])(2,P[1(0,P[1(0,14249)(1,-10477)])(1,P[0(0,15938)])])(3,P[0(0,P[0(0,-12219)])])]
P P[3(0,P[3(0,P[3(0,-6255)(1,-3827)(2,-17090)(3,-3368)])(1,P[2(0,-22108)(1,22407)(2,3478)])(2,P[1(0,-28522)(1,21038)])(3,P[0(0,-23909)])])(1,P[2(0,P[2(0,24337)(1,10451)(2,-14715)])(1,P[1(0,12922)(1,31097)])(2,P[0(0,22001)])])(2,P[1(0,P[1(0,17974)(1,6853)])(1,P[0(0,-27475)])])(3,P[0(0,P[0(0,6948)])])]
P P[3(0,P[3(0,P[3(0,-20774)(1,9397)(2,-8677)(3,-1951)])(1,P[2(0,-14395)(1,26867)(2,-21443)])(2,P[1(0,18734)(1,16225)])(3,P[0(0,5862)])])(1,P[2(0,P[2(0,-3433)(1,-29361)(2,-11664)])(1,P[1(0,27913)(1,-968)])(2,P[0(0,-8561)])])(2,P[1(0,P[1(0,12914)(1,20294)])(1,P[0(0,-10646)])])(3,P[0(0,P[0(0,4251)])])]
P P[3(0,P[3(0,P[3(0,-27031)(1,18779)(2,15010)(3,-12213)])(1,P[2(0,2823)(1,3966)(2,20311)])(2,P[1(0,-31792)(1,21736)])(3,P[0(0,-21609)])])(1,P[2(0,P[2(0,21286)(1,32342)(2,-11962)])(1,P[1(0,5980)(1,-5706)])(2,P[0(0,-13653)])])(2,P[1(0,P[1(0,16192)(1,-24048)])(1,P[0(0,12510)])])(3,P[0(0,P[0(0,15503)])])]
