90
P P[3(0,P[3(0,P[3(0,-32145)(1,-15072)(2,5244)(3,-19834)])(1,P[2(0,3486)(1,-6583)(2,-25784)])(2,P[1(0,4357)(1,-18710)])(3,P[0(0,5851)])])(1,P[2(0,P[2(0,-4534)(1,8469)(2,-9621)])(1,P[1(0,-28132)(1,-20376)])(2,P[0(0,-16708)])])(2,P[1(0,P[1(0,18489)(1,19569)])(1,P[0(0,9069)])])(3,P[0(0,P[0(0,915)])])]
P P[3(0,P[3(0,P[3(0,9741)(1,-8471)(2,10286)(3,17174)])(1,P[2(0,-24205)(1,-20972)(2,31142)])(2,P[1(0,10570)(1,9929)])(3,P[0(0,32462)])])(1,P[2(0,P[2(0,-2229)(1,1347)(2,423)])(1,P[1(0,-15729)(1,8099)])(2,P[0(0,28732)])])(2,P[1(0,P[1(0,-12837)(1,18130)])(1,P[0(0,23676)])])(3,P[0(0,P[0(0,25445)])])]
P P[3(0,P[3(0,P[3(0,26916)(1,-17152)(2,11578)(3,-171)])(1,P[2(0,19967)(1,5629)(2,-32359)])(2,P[1(0,3282)(1,9478)])(3,P[0(0,-24498)])])(1,P[2(0,P[2(0,28391)(1,-18279)(2,24616)])(1,P[1(0,-20408)(1,3247)])(2,P[0(0,16239)])])(2,P[1(0,P[1(0,17291)(1,22956)])(1,P[0(0,-30104)])])(3,P[0(0,P[0(0,-2936)])])]
P P[3(0,P[3(0,P[3(0,-21348)(1,-7242)(2,12525)(3,11137)])(1,P[2(0,2484)(1,17108)(2,11653)])(2,P[1(0,-26441)(1,-18261)])(3,P[0(0,1452)])])(1,P[2(0,P[2(0,-29577)(1,-10763)(2,-14650)])(1,P[1(0,21315)(1,-24596)])(2,P[0(0,12353)])])(2,P[1(0,P[1(0,8402)(1,-924)])(1,P[0(0,-30987)])])(3,P[0(0,P[0(0,-8895)])])]
P P[3(0,P[3(0,P[3(0,31826)(1,32403)(2,-24814)(3,-25023)])(1,P[2(0,-17258)(1,-18322)(2,-7974)])(2,P[1(0,9192)(1,7930)])(3,P[0(0,12459)])])(1,P[2(0,P[2(0,30863)(1,-24746)(2,-7445)])(1,P[1(0,-10630)(1,313)])(2,P[0(0,18689)])])(2,P[1(0,P[1(0,-8657)(1,1788)])(1,P[0(0,-59)])])(3,P[0(0,P[0(0,-26407)])])]
P P[3(0,P[3(0,P[3(0,11214)(1,12034)(2,-17318)(3,-197)])(1,P[2(0,16666)(1,-12913)(2,-7516)])(2,P[1(0,23983)(1,776)])(3,P[0(0,-28716)])])(1,P[2(0,P[2(0,30792)(1,19993)(2,-11499)])(1,P[1(0,22553)(1,27088)])(2,P[0(0,-3980)])])(2,P[1(0,P[1(0,3006)(1,5547)])(1,P[0(0,10601)])])(3,P[0(0,P[0(0,9969)])])]
P P[3(0,P[3(0,P[3(0,20331)(1,1825)(2,19890)(3,-17852)])(1,P[2(0,20897)(1,-15460)(2,-24980)])(2,P[1(0,4630)(1,22705)])(3,P[0(0,-7695)])])(1,P[2(0,P[2(0,31146)(1,14274)(2,-4122)])(1,P[1(0,24474)(1,-11203)])(2,P[0(0,-2548)])])(2,P[1(0,P[1(0,-14708)(1,-12313)])(1,P[0(0,-17628)])])(3,P[0(0,P[0(0,29772)])])]
P P[3(0,P[3(0,P[3(0,-11818)(1,32194)(2,27331)(3,-26194)])(1,P[2(0,-13934)(1,29181)(2,15395)])(2,P[1(0,-11155)(1,-24410)])(3,P[0(0,4078)])])(1,P[2(0,P[2(0,-19060)(1,-10195)(2,-16619)])(1,P[1(0,-28544)(1,-12855)])(2,P[0(0,13157)])])(2,P[1(0,P[1(0,-15523)(1,26991)])(1,P[0(0,-18996)])])(3,P[0(0,P[0(0,-21910)])])]
P P[3(0,P[3(0,P[3(0,-27477)(1,-24809)(2,-19703)(3,-10978)])(1,P[2(0,-7697)(1,-23694)(2,30315)])(2,P[1(0,-10717)(1,-30790)])(3,P[0(0,31229)])])(1,P[2(0,P[2(0,-16363)(1,-12548)(2,11395)])(1,P[1(0,-28767)(1,-821)])(2,P[0(0,17411)])])(2,P[1(0,P[1(0,-17206)(1,-31382)])(1,P[0(0,-24734)])])(3,P[0(0,P[0(0,-17907)])])]
P P[3(0,P[3(0,P[3(0,22253)(1,14986)(2,14861)(3,-2211)])(1,P[2(0,-10906)(1,-839)(2,-9601)])(2,P[1(0,10329)(1,29629)])(3,P[0(0,-30990)])])(1,P[2(0,P[2(0,26530)(1,15303)(2,17665)])(1,P[1(0,23291)(1,-15866)])(2,P[0(0,32202)])])(2,P[1(0,P[1(0,-2534)(1,20006)])(1,P[0(0,26098)])])(3,P[0(0,P[0(0,7818)])])]
P P[3(0,P[3(0,P[3(0,17831)(1,26885)(2,18879)(3,-25469)])(1,P[2(0,-16595)(1,-16068)(2,-9272)])(2,P[1(0,-14250)(1,8490)])(3,P[0(0,31624)])])(1,P[2(0,P[2(0,-30418)(1,-17328)(2,-8833)])(1,P[1(0,-24538)(1,8411)])(2,P[0(0,-30001)])])(2,P[1(0,P[1(0,30910)(1,-2619)])(1,P[0(0,2272)])])(3,P[0(0,P[0(0,-8126)])])]
P P[3(0,P[3(0,P[3(0,-9640)(1,13788)(2,15967)(3,-181)])(1,P[2(0,29282)(1,22473)(2,-23007)])(2,P[1(0,-2704)(1,-2835)])(3,P[0(0,-3423)])])(1,P[2(0,P[2(0,5634)(1,-28427)(2,-19993)])(1,P[1(0,12410)(1,30771)])(2,P[0(0,-1504)])])(2,P[1(0,P[1(0,-6764)(1,-8498)])(1,P[0(0,20152)])])(3,P[0(0,P[0(0,8589)])])]
P P[3(0,P[3(0,P[3(0,-15364)(1,-32304)(2,-18699)(3,-5839)])(1,P[2(0,-17278)(1,-18063)(2,-8120)])(2,P[1(0,-21565)(1,21127)])(3,P[0(0,-14956)])])(1,P[2(0,P[2(0,11807)(1,26256)(2,23276)])(1,P[1(0,-1445)(1,19634)])(2,P[0(0,14093)])])(2,P[1(0,P[1(0,-17128)(1,16016)])(1,P[0(0,7589)])])(3,P[0(0,P[0(0,-18180)])])]
P P[3(0,P[3(0,P[3(0,6844)(1,10389)(2,20976)(3,-3909)])(1,P[2(0,11615)(1,20729)(2,-4222)])(2,P[1(0,-25732)(1,31743)])(3,P[0(0,27104)])])(1,P[2(0,P[2(0,-11991)(1,3926)(2,19977)])(1,P[1(0,16178)(1,27892)])(2,P[0(0,-20809)])])(2,P[1(0,P[1(0,-4233)(1,14692)])(1,P[0(0,10712)])])(3,P[0(0,P[0(0,-28354)])])]
P P[3(0,P[3(0,P[3(0,-5531)(1,17729)(2,12110)(3,-13369)])(1,P[2(0,24407)(1,-29873)(2,14492)])(2,P[1(0,-11112)(1,1356)])(3,P[0(0,-17866)])])(1,P[2(0,P[2(0,-1962)(1,-13143)(2,-2269)])(1,P[1(0,25792)(1,15656)])(2,P[0(0,9131)])])(2,P[1(0,P[1(0,-18944)(1,23354)])(1,P[0(0,27187)])])(3,P[0(0,P[0(0,-17872)])])]
P P[3(0,P[3(0,P[3(0,28404)(1,-18249)(2,3709)(3,-26670)])(1,P[2(0,3544)(1,-31683)(2,7220)])(2,P[1(0,-14784)(1,14719)])(3,P[0(0,15113)])])(1,P[2(0,P[2(0,27514)(1,11637)(2,29280)])(1,P[1(0,-4963)(1,24839)])(2,P[0(0,-4556)])])(2,P[1(0,P[1(0,31616)(1,-30068)])(1,P[0(0,8714)])])(3,P[0(0,P[0(0,-28815)])])]
P P[3(0,P[3(0,P[3(0,-8113)(1,7717)(2,-5347)(3,-24856)])(1,P[2(0,4635)(1,-23143)(2,21855)])(2,P[1(0,-31874)(1,27297)])(3,P[0(0,-7262)])])(1,P[2(0,P[2(0,23688)(1,-13519)(2,-25848)])(1,P[1(0,30249)(1,563)])(2,P[0(0,27199)])])(2,P[1(0,P[1(0,-1014)(1,-25693)])(1,P[0(0,-13505)])])(3,P[0(0,P[0(0,-23321)])])]
P P[3(0,P[3(0,P[3(0,17717)(1,8780)(2,8401)(3,-983)])(1,P[2(0,-5153)(1,-7874)(2,-13042)])(2,P[1(0,-10538)(1,13469)])(3,P[0(0,-7495)])])(1,P[2(0,P[2(0,-12835)(1,-16825)(2,-26519)])(1,P[1(0,19314)(1,20329)])(2,P[0(0,-13330)])])(2,P[1(0,P[1(0,2219)(1,-7642)])(1,P[0(0,-8968)])])(3,P[0(0,P[0(0,-10564)])])]
P P[3(0,P[3(0,P[3(0,9955)(1,20944)(2,21410)(3,12788)])(1,P[2(0,-17560)(1,-864)(2,3624)])(2,P[1(0,-2870)(1,-14914)])(3,P[0(0,28759)])])(1,P[2(0,P[2(0,13213)(1,6813)(2,-24089)])(1,P[1(0,-31248)(1,16633)])(2,P[0(0,114)])])(2,P[1(0,P[1(0,-27280)(1,26967)])(1,P[0(0,-24472)])])(3,P[0(0,P[0(0,9697)])])]
P P[3(0,P[3(0,P[3(0,31734)(1,16707)(2,-9466)(3,-4237)])(1,P[2(0,22003)(1,894)(2,6494)])(2,P[1(0,-6993)(1,-4591)])(3,P[0(0,20268)])])(1,P[2(0,P[2(0,12570)(1,18860)(2,-22035)])(1,P[1(0,30732)(1,-18347)])(2,P[0(0,29570)])])(2,P[1(0,P[1(0,29939)(1,-27300)])(1,P[0(0,-24073)])])(3,P[0(0,P[0(0,-26164)])])]
P P[3(0,P[3(0,P[3(0,15404)(1,14716)(2,30717)(3,1194)])(1,P[2(0,19493)(1,6695)(2,-18436)])(2,P[1(0,25707)(1,26665)])(3,P[0(0,4168)])])(1,P[2(0,P[2(0,12492)(1,-29487)(2,14186)])(1,P[1(0,-15751)(1,-26591)])(2,P[0(0,20708)])])(2,P[1(0,P[1(0,26002)(1,14196)])(1,P[0(0,-10925)])])(3,P[0(0,P[0(0,18108)])])]
P P[3(0,P[3(0,P[3(0,9376)(1,7369)(2,17700)(3,-12035)])(1,P[2(0,-30941)(1,-1282)(2,2144)])(2,P[1(0,-13323)(1,10107)])(3,P[0(0,14882)])])(1,P[2(0,P[2(0,-29586)(1,-21009)(2,-17989)])(1,P[1(0,-1860)(1,3505)])(2,P[0(0,-6137)])])(2,P[1(0,P[1(0,3390)(1,-1687)])(1,P[0(0,9937)])])(3,P[0(0,P[0(0,26694)])])]
P P[3(0,P[3(0,P[3(0,-16499)(1,3706)(2,13590)(3,8616)])(1,P[2(0,-5243)(1,-23353)(2,-21999)])(2,P[1(0,4658)(1,19227)])(3,P[0(0,17190)])])(1,P[2(0,P[2(0,-3089)(1,-9349)(2,-6704)])(1,P[1(0,-14415)(1,-4082)])(2,P[0(0,-13722)])])(2,P[1(0,P[1(0,-26802)(1,-4996)])(1,P[0(0,-20034)])])(3,P[0(0,P[0(0,13556)])])]
P P[3(0,P[3(0,P[3(0,-19865)(1,-32626)(2,4466)(3,28978)])(1,P[2(0,-31730)(1,-20346)(2,-26007)])(2,P[1(0,-15435)(1,-11107)])(3,P[0(0,2024)])])(1,P[2(0,P[2(0,29156)(1,-29278)(2,9805)])(1,P[1(0,25510)(1,19361)])(2,P[0(0,15067)])])(2,P[1(0,P[1(0,30932)(1,8856)])(1,P[0(0,1372)])])(3,P[0(0,P[0(0,19097)])])]
P P[3(0,P[3(0,P[3(0,9712)(1,18027)(2,-25555)(3,10028)])(1,P[2(0,-23615)(1,-31541)(2,-30483)])(2,P[1(0,402)(1,-3961)])(3,P[0(0,-17797)])])(1,P[2(0,P[2(0,-9601)(1,-21531)(2,-26772)])(1,P[1(0,1899)(1,-17485)])(2,P[0(0,-22390)])])(2,P[1(0,P[1(0,-2864)(1,-4450)])(1,P[0(0,24559)])])(3,P[0(0,P[0(0,28803)])])]
P P[3(0,P[3(0,P[3(0,15738)(1,15529)(2,15748)(3,8299)])(1,P[2(0,31635)(1,-7653)(2,26695)])(2,P[1(0,-7764)(1,1318)])(3,P[0(0,-28586)])])(1,P[2(0,P[2(0,27994)(1,11253)(2,-26984)])(1,P[1(0,-22645)(1,19903)])(2,P[0(0,-11526)])])(2,P[1(0,P[1(0,12934)(1,28283)])(1,P[0(0,29194)])])(3,P[0(0,P[0(0,18367)])])]
P P[3(0,P[3(0,P[3(0,-30615)(1,6392)(2,-17517)(3,-6819)])(1,P[2(0,9914)(1,-7149)(2,-24166)])(2,P[1(0,-5292)(1,21294)])(3,P[0(0,22081)])])(1,P[2(0,P[2(0,27150)(1,18424)(2,-3626)])(1,P[1(0,-10471)(1,-16364)])(2,P[0(0,5626)])])(2,P[1(0,P[1(0,27702)(1,-13522)])(1,P[0(0,26900)])])(3,P[0(0,P[0(0,-5949)])])]
P P[3(0,P[3(0,P[3(0,-10993)(1,-23867)(2,19499)(3,894)])(1,P[2(0,19697)(1,30799)(2,7100)])(2,P[1(0,-13866)(1,-18187)])(3,P[0(0,4465)])])(1,P[2(0,P[2(0,-13876)(1,22730)(2,-24255)])(1,P[1(0,21633)(1,-30232)])(2,P[0(0,830)])])(2,P[1(0,P[1(0,-3333)(1,-17881)])(1,P[0(0,30251)])])(3,P[0(0,P[0(0,-31861)])])]
P P[3(0,P[3(0,P[3(0,5288)(1,5495)(2,-2837)(3,-8790)])(1,P[2(0,-31552)(1,-15037)(2,32522)])(2,P[1(0,-31937)(1,32060)])(3,P[0(0,-4006)])])(1,P[2(0,P[2(0,24366)(1,-13248)(2,-14214)])(1,P[1(0,29376)(1,5172)])(2,P[0(0,8191)])])(2,P[1(0,P[1(0,-29902)(1,15814)])(1,P[0(0,-16143)])])(3,P[0(0,P[0(0,-27361)])])]
P P[3(0,P[3(0,P[3(0,-29271)(1,-1983)(2,-1821)(3,-6337)])(1,P[2(0,-32111)(1,28154)(2,27357)])(2,P[1(0,3450)(1,-20449)])(3,P[0(0,20391)])])(1,P[2(0,P[2(0,-32178)(1,-10294)(2,9941)])(1,P[1(0,-3714)(1,-12426)])(2,P[0(0,24601)])])(2,P[1(0,P[1(0,-25609)(1,24916)])(1,P[0(0,-16382)])])(3,P[0(0,P[0(0,-20166)])])]
P P[3(0,P[3(0,P[3(0,5666)(1,-18188)(2,-23513)(3,-6943)])(1,P[2(0,16408)(1,13843)(2,9150)])(2,P[1(0,7508)(1,-28185)])(3,P[0(0,-20166)])])(1,P[2(0,P[2(0,12150)(1,-28034)(2,784)])(1,P[1(0,-27049)(1,29035)])(2,P[0(0,-1453)])])(2,P[1(0,P[1(0,-4739)(1,-28670)])(1,P[0(0,-13988)])])(3,P[0(0,P[0(0,-12982)])])]
P P[3(0,P[3(0,P[3(0,-15562)(1,-7568)(2,30923)(3,-30381)])(1,P[2(0,-9247)(1,-30226)(2,-23076)])(2,P[1(0,8567)(1,27490)])(3,P[0(0,-26139)])])(1,P[2(0,P[2(0,20201)(1,-31896)(2,-2867)])(1,P[1(0,-24531)(1,802)])(2,P[0(0,5690)])])(2,P[1(0,P[1(0,-32050)(1,31190)])(1,P[0(0,-12725)])])(3,P[0(0,P[0(0,-4269)])])]
P P[3(0,P[3(0,P[3(0,-3659)(1,-5566)(2,16929)(3,31725)])(1,P[2(0,-30392)(1,-31039)(2,-2408)])(2,P[1(0,10608)(1,8930)])(3,P[0(0,-18718)])])(1,P[2(0,P[2(0,14870)(1,29880)(2,14431)])(1,P[1(0,1357)(1,-18841)])(2,P[0(0,14528)])])(2,P[1(0,P[1(0,12917)(1,-7552)])(1,P[0(0,-16380)])])(3,P[0(0,P[0(0,-12021)])])]
P P[3(0,P[3(0,P[3(0,10607)(1,12054)(2,32650)(3,-12255)])(1,P[2(0,24166)(1,28646)(2,-21647)])(2,P[1(0,6451)(1,26369)])(3,P[0(0,-23357)])])(1,P[2(0,P[2(0,5586)(1,-2946)(2,-17756)])(1,P[1(0,1931)(1,-28004)])(2,P[0(0,19652)])])(2,P[1(0,P[1(0,24499)(1,28087)])(1,P[0(0,-31148)])])(3,P[0(0,P[0(0,7661)])])]
P P[3(0,P[3(0,P[3(0,11427)(1,-19760)(2,8496)(3,-5537)])(1,P[2(0,-5379)(1,4837)(2,4353)])(2,P[1(0,-17222)(1,-15056)])(3,P[0(0,-25660)])])(1,P[2(0,P[2(0,-27654)(1,4782)(2,-28950)])(1,P[1(0,4412)(1,23026)])(2,P[0(0,16394)])])(2,P[1(0,P[1(0,5084)(1,-23971)])(1,P[0(0,-8795)])])(3,P[0(0,P[0(0,-6418)])])]
P P[3(0,P[3(0,P[3(0,-3279)(1,-27135)(2,-12454)(3,26802)])(1,P[2(0,-26276)(1,27449)(2,11005)])(2,P[1(0,22596)(1,-5040)])(3,P[0(0,32542)])])(1,P[2(0,P[2(0,-755)(1,-19705)(2,6464)])(1,P[1(0,18003)(1,-12848)])(2,P[0(0,-30303)])])(2,P[1(0,P[1(0,-7012)(1,32667)])(1,P[0(0,13419)])])(3,P[0(0,P[0(0,26643)])])]
P P[3(0,P[3(0,P[3(0,3206)(1,-10331)(2,25415)(3,252)])(1,P[2(0,-6602)(1,28085)(2,11866)])(2,P[1(0,15919)(1,-9234)])(3,P[0(0,-28649)])])(1,P[2(0,P[2(0,-6756)(1,-416)(2,16765)])(1,P[1(0,-22066)(1,-6409)])(2,P[0(0,-23338)])])(2,P[1(0,P[1(0,-18169)(1,-30927)])(1,P[0(0,-1232)])])(3,P[0(0,P[0(0,12408)])])]
P P[3(0,P[3(0,P[3(0,13737)(1,-31077)(2,-20193)(3,25365)])(1,P[2(0,-29000)(1,-24574)(2,15271)])(2,P[1(0,2830)(1,11355)])(3,P[0(0,-15579)])])(1,P[2(0,P[2(0,-1788)(1,22246)(2,-15358)])(1,P[1(0,30998)(1,9448)])(2,P[0(0,26635)])])(2,P[1(0,P[1(0,17686)(1,21878)])(1,P[0(0,-23113)])])(3,P[0(0,P[0(0,-10522)])])]
P P[3(0,P[3(0,P[3(0,-3670)(1,25596)(2,24794)(3,25511)])(1,P[2(0,26507)(1,-7437)(2,-4687)])(2,P[1(0,15275)(1,-18037)])(3,P[0(0,-16034)])])(1,P[2(0,P[2(0,-16259)(1,26541)(2,29087)])(1,P[1(0,14393)(1,-3219)])(2,P[0(0,-5552)])])(2,P[1(0,P[1(0,-19172)(1,-8954)])(1,P[0(0,-23489)])])(3,P[0(0,P[0(0,25414)])])]
P P[3(0,P[3(0,P[3(0,-29845)(1,-6441)(2,-21939)(3,-6372)])(1,P[2(0,-13688)(1,-9256)(2,19594)])(2,P[1(0,-13042)(1,18616)])(3,P[0(0,-13650)])])(1,P[2(0,P[2(0,-1663)(1,18545)(2,4276)])(1,P[1(0,-20049)(1,17896)])(2,P[0(0,-9904)])])(2,P[1(0,P[1(0,27957)(1,-18761)])(1,P[0(0,-25479)])])(3,P[0(0,P[0(0,9819)])])]
P P[3(0,P[3(0,P[3(0,21141)(1,-28891)(2,3791)(3,-11565)])(1,P[2(0,-9405)(1,18048)(2,26055)])(2,P[1(0,-28036)(1,28258)])(3,P[0(0,31209)])])(1,P[2(0,P[2(0,5503)(1,-1915)(2,131)])(1,P[1(0,-17808)(1,10551)])(2,P[0(0,-24022)])])(2,P[1(0,P[1(0,-3556)(1,30494)])(1,P[0(0,-20186)])])(3,P[0(0,P[0(0,29776)])])]
P P[3(0,P[3(0,P[3(0,-31172)(1,-21632)(2,21652)(3,2538)])(1,P[2(0,29414)(1,8960)(2,-15767)])(2,P[1(0,29257)(1,-13407)])(3,P[0(0,-24274)])])(1,P[2(0,P[2(0,-22127)(1,31973)(2,-31076)])(1,P[1(0,-26505)(1,15964)])(2,P[0(0,23557)])])(2,P[1(0,P[1(0,28055)(1,-13379)])(1,P[0(0,16552)])])(3,P[0(0,P[0(0,24811)])])]
P P[3(0,P[3(0,P[3(0,5390)(1,1225)(2,-14044)(3,18211)])(1,P[2(0,16400)(1,10983)(2,13073)])(2,P[1(0,-27825)(1,8653)])(3,P[0(0,-6773)])])(1,P[2(0,P[2(0,-16122)(1,7224)(2,-11748)])(1,P[1(0,2479)(1,-32257)])(2,P[0(0,27862)])])(2,P[1(0,P[1(0,-32151)(1,13993)])(1,P[0(0,9558)])])(3,P[0(0,P[0(0,-18775)])])]
P P[3(0,P[3(0,P[3(0,-20929)(1,-28229)(2,31182)(3,-4567)])(1,P[2(0,-13317)(1,32395)(2,22675)])(2,P[1(0,-1233)(1,-15631)])(3,P[0(0,4463)])])(1,P[2(0,P[2(0,20816)(1,-4794)(2,-15326)])(1,P[1(0,-23836)(1,20012)])(2,P[0(0,31895)])])(2,P[1(0,P[1(0,13614)(1,-17781)])(1,P[0(0,9353)])])(3,P[0(0,P[0(0,27642)])])]
P P[3(0,P[3(0,P[3(0,21861)(1,32337)(2,20558)(3,9308)])(1,P[2(0,1530)(1,26306)(2,-3223)])(2,P[1(0,-11831)(1,27915)])(3,P[0(0,29104)])])(1,P[2(0,P[2(0,17940)(1,-23550)(2,20961)])(1,P[1(0,24580)(1,-16552)])(2,P[0(0,-4381)])])(2,P[1(0,P[1(0,3829)(1,8063)])(1,P[0(0,-22567)])])(3,P[0(0,P[0(0,32059)])])]
P P[3(0,P[3(0,P[3(0,-31225)(1,-19642)(2,-14378)(3,-11644)])(1,P[2(0,4933)(1,5191)(2,32491)])(2,P[1(0,10328)(1,341)])(3,P[0(0,29758)])])(1,P[2(0,P[2(0,21171)(1,26220)(2,-4772)])(1,P[1(0,19037)(1,-32071)])(2,P[0(0,14903)])])(2,P[1(0,P[1(0,28142)(1,5146)])(1,P[0(0,-17959)])])(3,P[0(0,P[0(0,-20250)])])]
P P[3(0,P[3(0,P[3(0,-25675)(1,-17413)(2,30459)(3,19059)])(1,P[2(0,-10205)(1,-22396)(2,24936)])(2,P[1(0,15330)(1,-23157)])(3,P[0(0,22452)])])(1,P[2(0,P[2(0,9350)(1,30461)(2,12244)])(1,P[1(0,20476)(1,3102)])(2,P[0(0,-5962)])])(2,P[1(0,P[1(0,-8366)(1,-4161)])(1,P[0(0,-18210)])])(3,P[0(0,P[0(0,-23514)])])]
P P[3(0,P[3(0,P[3(0,1380)(1,20820)(2,-28397)(3,28741)])(1,P[2(0,-29211)(1,83)(2,-5745)])(2,P[1(0,26160)(1,25525)])(3,P[0(0,20785)])])(1,P[2(0,P[2(0,9545)(1,698)(2,7226)])(1,P[1(0,14383)(1,-13204)])(2,P[0(0,9433)])])(2,P[1(0,P[1(0,6126)(1,1558)])(1,P[0(0,-31403)])])(3,P[0(0,P[0(0,11941)])])]
P P[3(0,P[3(0,P[3(0,-30772)(1,-14305)(2,-6968)(3,-26300)])(1,P[2(0,-25709)(1,22333)(2,-2383)])(2,P[1(0,18576)(1,26879)])(3,P[0(0,-10090)])])(1,P[2(0,P[2(0,-5946)(1,17541)(2,21092)])(1,P[1(0,19431)(1,-29625)])(2,P[0(0,20034)])])(2,P[1(0,P[1(0,12175)(1,27201)])(1,P[0(0,-10604)])])(3,P[0(0,P[0(0,8891)])])]
P P[3(0,P[3(0,P[3(0,19757)(1,6346)(2,1148)(3,-11672)])(1,P[2(0,23079)(1,3375)(2,-7347)])(2,P[1(0,-20793)(1,-11506)])(3,P[0(0,31448)])])(1,P[2(0,P[2(0,-6850)(1,-19961)(2,20845)])(1,P[1(0,-16057)(1,-13698)])(2,P[0(0,30066)])])(2,P[1(0,P[1(0,18992)(1,11984)])(1,P[0(0,-10748)])])(3,P[0(0,P[0(0,-32325)])])]
P P[3(0,P[3(0,P[3(0,10482)(1,635)(2,22800)(3,9200)])(1,P[2(0,-21180)(1,2207)(2,-21785)])(2,P[1(0,29959)(1,19756)])(3,P[0(0,-3624)])])(1,P[2(0,P[2(0,-28533)(1,-7575)(2,-31079)])(1,P[1(0,-28832)(1,972)])(2,P[0(0,-3056)])])(2,P[1(0,P[1(0,-27329)(1,-29688)])(1,P[0(0,31355)])])(3,P[0(0,P[0(0,-27326)])])]
P P[3(0,P[3(0,P[3(0,-8526)(1,-7017)(2,19806)(3,-7235)])(1,P[2(0,-8973)(1,23597)(2,19883)])(2,P[1(0,-15344)(1,-28237)])(3,P[0(0,-19601)])])(1,P[2(0,P[2(0,13481)(1,-17054)(2,-23695)])(1,P[1(0,-13859)(1,8573)])(2,P[0(0,-484)])])(2,P[1(0,P[1(0,11838)(1,1755)])(1,P[0(0,-24343)])])(3,P[0(0,P[0(0,23117)])])]
P P[3(0,P[3(0,P[3(0,-1283)(1,7615)(2,2383)(3,14007)])(1,P[2(0,10940)(1,2532)(2,-3600)])(2,P[1(0,20021)(1,-4542)])(3,P[0(0,27815)])])(1,P[2(0,P[2(0,10058)(1,25981)(2,32684)])(1,P[1(0,-4625)(1,14644)])(2,P[0(0,6363)])])(2,P[1(0,P[1(0,-26502)(1,-23109)])(1,P[0(0,-31153)])])(3,P[0(0,P[0(0,-27937)])])]
P P[3(0,P[3(0,P[3(0,29877)(1,17956)(2,31055)(3,-7610)])(1,P[2(0,24213)(1,-26267)(2,-7317)])(2,P[1(0,6919)(1,-2761)])(3,P[0(0,32602)])])(1,P[2(0,P[2(0,-12064)(1,-3933)(2,4578)])(1,P[1(0,-30373)(1,-11135)])(2,P[0(0,-7517)])])(2,P[1(0,P[1(0,3617)(1,-18006)])(1,P[0(0,32134)])])(3,P[0(0,P[0(0,-22566)])])]
P P[3(0,P[3(0,P[3(0,30864)(1,-15077)(2,10976)(3,1812)])(1,P[2(0,16009)(1,-23494)(2,-515)])(2,P[1(0,23400)(1,4337)])(3,P[0(0,32355)])])(1,P[2(0,P[2(0,2020)(1,-20729)(2,-7550)])(1,P[1(0,20084)(1,-31487)])(2,P[0(0,-13477)])])(2,P[1(0,P[1(0,8871)(1,32176)])(1,P[0(0,-6621)])])(3,P[0(0,P[0(0,-24832)])])]
P P[3(0,P[3(0,P[3(0,-11104)(1,32345)(2,16577)(3,6979)])(1,P[2(0,15320)(1,15284)(2,-11991)])(2,P[1(0,27601)(1,-23458)])(3,P[0(0,-13206)])])(1,P[2(0,P[2(0,10111)(1,16497)(2,-22697)])(1,P[1(0,29674)(1,20363)])(2,P[0(0,-12719)])])(2,P[1(0,P[1(0,-10982)(1,-8691)])(1,P[0(0,9471)])])(3,P[0(0,P[0(0,29619)])])]
P P[3(0,P[3(0,P[3(0,26852)(1,-18978)(2,-11743)(3,-19071)])(1,P[2(0,16525)(1,-21034)(2,24728)])(2,P[1(0,-16569)(1,17802)])(3,P[0(0,21685)])])(1,P[2(0,P[2(0,-15370)(1,12910)(2,-18062)])(1,P[1(0,-26013)(1,-15648)])(2,P[0(0,-3193)])])(2,P[1(0,P[1(0,-890)(1,23777)])(1,P[0(0,-20484)])])(3,P[0(0,P[0(0,-30638)])])]
P P[3(0,P[3(0,P[3(0,-2685)(1,29186)(2,-27219)(3,11054)])(1,P[2(0,-21447)(1,-9295)(2,30452)])(2,P[1(0,-16166)(1,-19474)])(3,P[0(0,3548)])])(1,P[2(0,P[2(0,-30701)(1,-21414)(2,-7683)])(1,P[1(0,-16256)(1,-19845)])(2,P[0(0,-28936)])])(2,P[1(0,P[1(0,30006)(1,-2104)])(1,P[0(0,25477)])])(3,P[0(0,P[0(0,22548)])])]
P P[3(0,P[3(0,P[3(0,-19236)(1,-14813)(2,-22676)(3,-308)])(1,P[2(0,11006)(1,-26566)(2,-10730)])(2,P[1(0,23504)(1,-638)])(3,P[0(0,-3868)])])(1,P[2(0,P[2(0,22576)(1,13213)(2,-26695)])(1,P[1(0,-5581)(1,6983)])(2,P[0(0,-1770)])])(2,P[1(0,P[1(0,-6896)(1,13636)])(1,P[0(0,-23150)])])(3,P[0(0,P[0(0,5529)])])]
P P[3(0,P[3(0,P[3(0,20548)(1,16184)(2,-3004)(3,15274)])(1,P[2(0,-10960)(1,-32350)(2,-30137)])(2,P[1(0,-10321)(1,29185)])(3,P[0(0,8440)])])(1,P[2(0,P[2(0,-29092)(1,-19237)(2,19336)])(1,P[1(0,-1311)(1,-28881)])(2,P[0(0,-3161)])])(2,P[1(0,P[1(0,-186)(1,-4590)])(1,P[0(0,-5038)])])(3,P[0(0,P[0(0,3621)])])]
P P[3(0,P[3(0,P[3(0,3981)(1,-31838)(2,-1618)(3,-12298)])(1,P[2(0,-31050)(1,20009)(2,-4186)])(2,P[1(0,-11360)(1,-15418)])(3,P[0(0,-10112)])])(1,P[2(0,P[2(0,-12947)(1,16616)(2,-7134)])(1,P[1(0,19925)(1,-4630)])(2,P[0(0,-7095)])])(2,P[1(0,P[1(0,-29131)(1,30366)])(1,P[0(0,-9542)])])(3,P[0(0,P[0(0,-13406)])])]
P P[3(0,P[3(0,P[3(0,3203)(1,23145)(2,-19751)(3,26591)])(1,P[2(0,-30671)(1,-28183)(2,25274)])(2,P[1(0,-23632)(1,10840)])(3,P[0(0,31055)])])(1,P[2(0,P[2(0,-7231)(1,26051)(2,-31034)])(1,P[1(0,-30862)(1,-25003)])(2,P[0(0,22979)])])(2,P[1(0,P[1(0,4809)(1,-22736)])(1,P[0(0,-2315)])])(3,P[0(0,P[0(0,6620)])])]
P P[3(0,P[3(0,P[3(0,20433)(1,-1449)(2,22497)(3,-10131)])(1,P[2(0,25797)(1,3552)(2,21248)])(2,P[1(0,-32621)(1,-11715)])(3,P[0(0,-14590)])])(1,P[2(0,P[2(0,-1045)(1,29494)(2,-2562)])(1,P[1(0,-22186)(1,21619)])(2,P[0(0,-32346)])])(2,P[1(0,P[1(0,-2477)(1,17178)])(1,P[0(0,-9680)])])(3,P[0(0,P[0(0,-18332)])])]
P P[3(0,P[3(0,P[3(0,-24479)(1,26900)(2,11414)(3,-23592)])(1,P[2(0,18055)(1,22500)(2,16361)])(2,P[1(0,18223)(1,22846)])(3,P[0(0,-2984)])])(1,P[2(0,P[2(0,-30778)(1,24351)(2,4189)])(1,P[1(0,27190)(1,-18908)])(2,P[0(0,5250)])])(2,P[1(0,P[1(0,1442)(1,2981)])(1,P[0(0,-14778)])])(3,P[0(0,P[0(0,1042)])])]
P P[3(0,P[3(0,P[3(0,-17681)(1,12678)(2,-29499)(3,-11547)])(1,P[2(0,-25827)(1,-22414)(2,-29413)])(2,P[1(0,18192)(1,-7567)])(3,P[0(0,-29730)])])(1,P[2(0,P[2(0,-2419)(1,31498)(2,17201)])(1,P[1(0,4500)(1,27959)])(2,P[0(0,27582)])])(2,P[1(0,P[1(0,21734)(1,-20114)])(1,P[0(0,-15363)])])(3,P[0(0,P[0(0,-7882)])])]
P P[3(0,P[3(0,P[3(0,15565)(1,-9231)(2,16271)(3,27518)])(1,P[2(0,-21624)(1,-2086)(2,-23890)])(2,P[1(0,22872)(1,27727)])(3,P[0(0,23221)])])(1,P[2(0,P[2(0,-25635)(1,1327)(2,17299)])(1,P[1(0,4598)(1,30922)])(2,P[0(0,-10861)])])(2,P[1(0,P[1(0,21974)(1,6765)])(1,P[0(0,32607)])])(3,P[0(0,P[0(0,14337)])])]
P P[3(0,P[3(0,P[3(0,-7420)(1,-24803)(2,-20611)(3,10317)])(1,P[2(0,-28236)(1,23196)(2,29868)])(2,P[1(0,-23550)(1,-13675)])(3,P[0(0,5500)])])(1,P[2(0,P[2(0,9339)(1,19471)(2,1490)])(1,P[1(0,20362)(1,14941)])(2,P[0(0,-3293)])])(2,P[1(0,P[1(0,-13345)(1,6595)])(1,P[0(0,-23683)])])(3,P[0(0,P[0(0,-2711)])])]
P P[3(0,P[3(0,P[3(0,-16552)(1,-30538)(2,-24042)(3,-20829)])(1,P[2(0,22609)(1,-27584)(2,-24741)])(2,P[1(0,-29000)(1,-6200)])(3,P[0(0,-31137)])])(1,P[2(0,P[2(0,12271)(1,22708)(2,-9252)])(1,P[1(0,-7855)(1,-3418)])(2,P[0(0,23854)])])(2,P[1(0,P[1(0,4991)(1,23677)])(1,P[0(0,15116)])])(3,P[0(0,P[0(0,-29313)])])]
P P[3(0,P[3(0,P[3(0,-6392)(1,-26441)(2,-27155)(3,-9363)])(1,P[2(0,-18870)(1,-23786)(2,-26930)])(2,P[1(0,30347)(1,-14165)])(3,P[0(0,27552)])])(1,P[2(0,P[2(0,-5773)(1,-19120)(2,20050)])(1,P[1(0,26395)(1,-6468)])(2,P[0(0,-4696)])])(2,P[1(0,P[1(0,13720)(1,-13232)])(1,P[0(0,-6858)])])(3,P[0(0,P[0(0,-13113)])])]
P P[3(0,P[3(0,P[3(0,15626)(1,-5843)(2,-24562)(3,2634)])(1,P[2(0,3281)(1,-28245)(2,16818)])(2,P[1(0,4254)(1,-5693)])(3,P[0(0,-6390)])])(1,P[2(0,P[2(0,2452)(1,4008)(2,-31732)])(1,P[1(0,8920)(1,-9909)])(2,P[0(0,-12481)])])(2,P[1(0,P[1(0,-17738)(1,11214)])(1,P[0(0,-24726)])])(3,P[0(0,P[0(0,-25481)])])]
P P[3(0,P[3(0,P[3(0,10)(1,-29885)(2,15810)(3,28645)])(1,P[2(0,-31945)(1,-12887)(2,-21083)])(2,P[1(0,1781)(1,24737)])(3,P[0(0,8920)])])(1,P[2(0,P[2(0,27420)(1,-6111)(2,-27753)])(1,P[1(0,-15588)(1,16867)])(2,P[0(0,-17131)])])(2,P[1(0,P[1(0,19703)(1,17494)])(1,P[0(0,-32542)])])(3,P[0(0,P[0(0,17849)])])]
P P[3(0,P[3(0,P[3(0,-21351)(1,-30438)(2,-4473)(3,-9694)])(1,P[2(0,-7952)(1,24798)(2,16937)])(2,P[1(0,-28056)(1,1464)])(3,P[0(0,15180)])])(1,P[2(0,P[2(0,-13429)(1,15802)(2,20237)])(1,P[1(0,-229)(1,-19703)])(2,P[0(0,-18865)])])(2,P[1(0,P[1(0,-22894)(1,-352)])(1,P[0(0,27764)])])(3,P[0(0,P[0(0,16429)])])]
P P[3(0,P[3(0,P[3(0,9307)(1,30444)(2,32147)(3,-8306)])(1,P[2(0,-13533)(1,-32552)(2,19229)])(2,P[1(0,-11979)(1,6671)])(3,P[0(0,-18095)])])(1,P[2(0,P[2(0,8937)(1,27954)(2,-1947)])(1,P[1(0,26212)(1,-17133)])(2,P[0(0,1847)])])(2,P[1(0,P[1(0,-1274)(1,32597)])(1,P[0(0,21139)])])(3,P[0(0,P[0(0,-26588)])])]
P P[3(0,P[3(0,P[3(0,-5950)(1,-5366)(2,29382)(3,-20194)])(1,P[2(0,-19944)(1,-23261)(2,-24883)])(2,P[1(0,16230)(1,3579)])(3,P[0(0,-4095)])])(1,P[2(0,P[2(0,-25041)(1,-6315)(2,-10452)])(1,P[1(0,-23664)(1,-20465)])(2,P[0(0,6170)])])(2,P[1(0,P[1(0,4185)(1,11995)])(1,P[0(0,22720)])])(3,P[0(0,P[0(0,9745)])])]
P P[3(0,P[3(0,P[3(0,-11202)(1,3146)(2,26638)(3,-3212)])(1,P[2(0,16228)(1,22937)(2,-20484)])(2,P[1(0,8463)(1,7126)])(3,P[0(0,-20659)])])(1,P[2(0,P[2(0,18213)(1,15828)(2,-15164)])(1,P[1(0,2235)(1,8144)])(2,P[0(0,-479)])])(2,P[1(0,P[1(0,25870)(1,2790)])(1,P[0(0,28138)])])(3,P[0(0,P[0(0,-6580)])])]
P P[3(0,P[3(0,P[3(0,-21080)(1,-6398)(2,2195)(3,3659)])(1,P[2(0,5920)(1,-25263)(2,11382)])(2,P[1(0,29676)(1,-31185)])(3,P[0(0,-11364)])])(1,P[2(0,P[2(0,24341)(1,-1687)(2,2450)])(1,P[1(0,-6065)(1,-4504)])(2,P[0(0,5796)])])(2,P[1(0,P[1(0,-21672)(1,16846)])(1,P[0(0,-19613)])])(3,P[0(0,P[0(0,-1397)])])]
P P[3(0,P[3(0,P[3(0,-2463)(1,3565)(2,13593)(3,-23509)])(1,P[2(0,21274)(1,-7883)(2,26888)])(2,P[1(0,23025)(1,-9599)])(3,P[0(0,-18852)])])(1,P[2(0,P[2(0,8364)(1,-19786)(2,-26955)])(1,P[1(0,19490)(1,-192)])(2,P[0(0,5909)])])(2,P[1(0,P[1(0,-11747)(1,-32391)])(1,P[0(0,-26731)])])(3,P[0(0,P[0(0,10730)])])]
P P[3(0,P[3(0,P[3(0,-16928)(1,15230)(2,8045)(3,-10885)])(1,P[2(0,20574)(1,7040)(2,-14053)])(2,P[1(0,-21836)(1,6281)])(3,P[0(0,-26661)])])(1,P[2(0,P[2(0,31144)(1,12687)(2,3174)])(1,P[1(0,27343)(1,-10887)])(2,P[0(0,22264)])])(2,P[1(0,P[1(0,-2779)(1,10807)])(1,P[0(0,32194)])])(3,P[0(0,P[0(0,27628)])])]
P P[3(0,P[3(0,P[3(0,6504)(1,-9508)(2,-30203)(3,-6788)])(1,P[2(0,-31334)(1,-16562)(2,-25741)])(2,P[1(0,814)(1,-21274)])(3,P[0(0,15419)])])(1,P[2(0,P[2(0,5482)(1,17794)(2,-15953)])(1,P[1(0,24815)(1,-12657)])(2,P[0(0,-29824)])])(2,P[1(0,P[1(0,-19810)(1,21076)])(1,P[0(0,-27074)])])(3,P[0(0,P[0(0,-14956)])])]
P P[3(0,P[3(0,P[3(0,-3836)(1,-10130)(2,-14118)(3,25871)])(1,P[2(0,27561)(1,11765)(2,6499)])(2,P[1(0,-8560)(1,28771)])(3,P[0(0,-8585)])])(1,P[2(0,P[2(0,9744)(1,-3604)(2,-30923)])(1,P[1(0,-22403)(1,4148)])(2,P[0(0,-26502)])])(2,P[1(0,P[1(0,17167)(1,-26057)])(1,P[0(0,-14231)])])(3,P[0(0,P[0(0,-12931)])])]
P P[3(0,P[3(0,P[3(0,7202)(1,-7425)(2,-27080)(3,-7701)])(1,P[2(0,32535)(1,31194)(2,12835)])(2,P[1(0,7691)(1,-2141)])(3,P[0(0,-4306)])])(1,P[2(0,P[2(0,-8513)(1,6279)(2,-26683)])(1,P[1(0,16365)(1,-28406)])(2,P[0(0,-18894)])])(2,P[1(0,P[1(0,-26435)(1,-31966)])(1,P[0(0,-22852)])])(3,P[0(0,P[0(0,15969)])])]
P P[3(0,P[3(0,P[3(0,15087)(1,-28780)(2,1610)(3,31336)])(1,P[2(0,3830)(1,-13130)(2,7803)])(2,P[1(0,-27791)(1,-6781)])(3,P[0(0,-24975)])])(1,P[2(0,P[2(0,-20583)(1,29645)(2,-32270)])(1,P[1(0,-15514)(1,-28695)])(2,P[0(0,-19754)])])(2,P[1(0,P[1(0,18771)(1,-11186)])(1,P[0(0,19778)])])(3,P[0(0,P[0(0,25489)])])]
P P[3(0,P[3(0,P[3(0,14748)(1,22974)(2,-526)(3,12875)])(1,P[2(0,9020)(1,-4329)(2,6690)])(2,P[1(0,8537)(1,-28328)])(3,P[0(0,-19871)])])(1,P[2(0,P[2(0,19594)(1,28125)(2,-9447)])(1,P[1(0,27653)(1,12800)])(2,P[0(0,-21636)])])(2,P[1(0,P[1(0,12373)(1,-11618)])(1,P[0(0,-147)])])(3,P[0(0,P[0(0,31662)])])]
P P[3(0,P[3(0,P[3(0,14513)(1,-8100)(2,25538)(3,-13930)])(1,P[2(0,-1104)(1,-11887)(2,3921)])(2,P[1(0,9425)(1,18356)])(3,P[0(0,5487)])])(1,P[2(0,P[2(0,7582)(1,8783)(2,29966)])(1,P[1(0,25185)(1,13357)])(2,P[0(0,14622)])])(2,P[1(0,P[1(0,15396)(1,-10045)])(1,P[0(0,26315)])])(3,P[0(0,P[0(0,8432)])])]
P P[3(0,P[3(0,P[3(0,-18332)(1,-25295)(2,16901)(3,-7939)])(1,P[2(0,-32416)(1,12722)(2,-1724)])(2,P[1(0,-5277)(1,-7735)])(3,P[0(0,15560)])])(1,P[2(0,P[2(0,-10757)(1,-28650)(2,4605)])(1,P[1(0,12952)(1,-30367)])(2,P[0(0,-18734)])])(2,P[1(0,P[1(0,-26421)(1,-22740)])(1,P[0(0,-1478)])])(3,P[0(0,P[0(0,16439)])])]
P P[3(0,P[3(0,P[3(0,24114)(1,-32095)(2,23063)(3,-27297)])(1,P[2(0,-14881)(1,21287)(2,-12570)])(2,P[1(0,-31705)(1,-32281)])(3,P[0(0,29876)])])(1,P[2(0,P[2(0,-6659)(1,-8704)(2,-2434)])(1,P[1(0,-32666)(1,-27976)])(2,P[0(0,-14903)])])(2,P[1(0,P[1(0,-9281)(1,-17305)])(1,P[0(0,-23233)])])(3,P[0(0,P[0(0,-10583)])])]
P P[3(0,P[3(0,P[3(0,22529)(1,28652)(2,-12590)(3,-1817)])(1,P[2(0,26986)(1,-11555)(2,1201)])(2,P[1(0,-3345)(1,-17574)])(3,P[0(0,9832)])])(1,P[2(0,P[2(0,20614)(1,1990)(2,-25314)])(1,P[1(0,-22988)(1,-7109)])(2,P[0(0,-1333)])])(2,P[1(0,P[1(0,6944)(1,-9120)])(1,P[0(0,-13724)])])(3,P[0(0,P[0(0,-662)])])]
P P[3(0,P[3(0,P[3(0,4155)(1,8769)(2,-7359)(3,-26476)])(1,P[2(0,-31472)(1,32035)(2,10590)])(2,P[1(0,21540)(1,7883)])(3,P[0(0,-19131)])])(1,P[2(0,P[2(0,-15508)(1,-32177)(2,25007)])(1,P[1(0,8407)(1,23312)])(2,P[0(0,-1892)])])(2,P[1(0,P[1(0,-24032)(1,-9420)])(1,P[0(0,-14628)])])(3,P[0(0,P[0(0,28871)])])]
P P[3(0,P[3(0,P[3(0,-20871)(1,-8236)(2,-9247)(3,-8701)])(1,P[2(0,-23098)(1,-7128)(2,-18788)])(2,P[1(0,-4884)(1,-12566)])(3,P[0(0,18556)])])(1,P[2(0,P[2(0,-30759)(1,18688)(2,-23473)])(1,P[1(0,23241)(1,28840)])(2,P[0(0,21735)])])(2,P[1(0,P[1(0,8968)(1,-8837)])(1,P[0(0,23859)])])(3,P[0(0,P[0(0,-7069)])])]
P P[3(0,P[3(0,P[3(0,16868)(1,-27981)(2,15744)(3,-20894)])(1,P[2(0,-27927)(1,22078)(2,3196)])(2,P[1(0,9828)(1,18425)])(3,P[0(0,19082)])])(1,P[2(0,P[2(0,10503)(1,9678)(2,-9094)])(1,P[1(0,-22268)(1,-12738)])(2,P[0(0,19968)])])(2,P[1(0,P[1(0,9824)(1,-5381)])(1,P[0(0,31720)])])(3,P[0(0,P[0(0,-32667)])])]
