10
P P[3(0,P[3(0,P[3(0,-591944308)(1,-296108586)(2,-308500179)(3,726094616)])(1,P[2(0,-165193202)(1,1304872072)(2,1912159338)])(2,P[1(0,-1237790666)(1,-293496058)])(3,P[0(0,2127043949)])])(1,P[2(0,P[2(0,1102773643)(1,1280712843)(2,1963714225)])(1,P[1(0,-734358440)(1,1763434147)])(2,P[0(0,491612366)])])(2,P[1(0,P[1(0,583169008)(1,2059748264)])(1,P[0(0,496549993)])])(3,P[0(0,P[0(0,1126749651)])])]
P P[3(0,P[3(0,P[3(0,-1636130169)(1,509209362)(2,1654708126)(3,1981167857)])(1,P[2(0,-837543646)(1,-579424505)(2,-199436793)])(2,P[1(0,110075804)(1,466030230)])(3,P[0(0,429444967)])])(1,P[2(0,P[2(0,-1983192607)(1,-671958087)(2,300185280)])(1,P[1(0,-64568304)(1,321763186)])(2,P[0(0,2073365777)])])(2,P[1(0,P[1(0,183273662)(1,-876432368)])(1,P[0(0,2124671086)])])(3,P[0(0,P[0(0,668512948)])])]
P P[3(0,P[3(0,P[3(0,1921797062)(1,636121029)(2,-1700235285)(3,-1331771566)])(1,P[2(0,-1062627630)(1,-2081296426)(2,212593151)])(2,P[1(0,1265862295)(1,356395128)])(3,P[0(0,-1953092652)])])(1,P[2(0,P[2(0,372780188)(1,-886157877)(2,1841446960)])(1,P[1(0,907809936)(1,424327539)])(2,P[0(0,1354156087)])])(2,P[1(0,P[1(0,1200511297)(1,648552101)])(1,P[0(0,-928694260)])])(3,P[0(0,P[0(0,156170442)])])]
P P[3(0,P[3(0,P[3(0,948058849)(1,428518014)(2,1901049731)(3,-1241471600)])(1,P[2(0,-708621882)(1,1453137244)(2,-942365955)])(2,P[1(0,1515112868)(1,67949248)])(3,P[0(0,-80848105)])])(1,P[2(0,P[2(0,992978002)(1,686810973)(2,-369732248)])(1,P[1(0,-79336120)(1,42132956)])(2,P[0(0,-205699556)])])(2,P[1(0,P[1(0,-588073136)(1,114317027)])(1,P[0(0,121581086)])])(3,P[0(0,P[0(0,-977981790)])])]
P P[3(0,P[3(0,P[3(0,-1890481826)(1,-1724025590)(2,1956199259)(3,2016355144)])(1,P[2(0,-2049003298)(1,-1105074713)(2,-2106573902)])(2,P[1(0,1299740978)(1,-1122704015)])(3,P[0(0,2072979642)])])(1,P[2(0,P[2(0,655104545)(1,-2066139547)(2,-534196911)])(1,P[1(0,272667152)(1,1201132472)])(2,P[0(0,-1424961499)])])(2,P[1(0,P[1(0,-1660342620)(1,1229499755)])(1,P[0(0,-1301359588)])])(3,P[0(0,P[0(0,-477475695)])])]
P P[3(0,P[3(0,P[3(0,173364307)(1,-381735586)(2,535430433)(3,2120460411)])(1,P[2(0,-536625075)(1,-226392599)(2,-420768703)])(2,P[1(0,1811397534)(1,-1707820777)])(3,P[0(0,-717448877)])])(1,P[2(0,P[2(0,-318170314)(1,828047325)(2,918117224)])(1,P[1(0,569044469)(1,-1840685778)])(2,P[0(0,-1000889015)])])(2,P[1(0,P[1(0,287827112)(1,498838834)])(1,P[0(0,-504494263)])])(3,P[0(0,P[0(0,1856222390)])])]
P P[3(0,P[3(0,P[3(0,215115678)(1,-1464394127)(2,1777687130)(3,-856890477)])(1,P[2(0,-732115151)(1,-1511591738)(2,-1270686664)])(2,P[1(0,-831219132)(1,-2072863746)])(3,P[0(0,921139243)])])(1,P[2(0,P[2(0,1757737108)(1,1972087299)(2,1670865567)])(1,P[1(0,1409162315)(1,225689232)])(2,P[0(0,2017307891)])])(2,P[1(0,P[1(0,-574667979)(1,-1148264302)])(1,P[0(0,2014538890)])])(3,P[0(0,P[0(0,1322385494)])])]
P P[3(0,P[3(0,P[3(0,-1984399787)(1,2002048164)(2,-384965458)(3,613377047)])(1,P[2(0,-1643170104)(1,1799472589)(2,1865499927)])(2,P[1(0,1938334062)(1,-1638654225)])(3,P[0(0,-1041164920)])])(1,P[2(0,P[2(0,-1769311227)(1,532494640)(2,552700114)])(1,P[1(0,-1949031411)(1,-1173393407)])(2,P[0(0,848511960)])])(2,P[1(0,P[1(0,-387447817)(1,39127387)])(1,P[0(0,-1788744669)])])(3,P[0(0,P[0(0,-2057602245)])])]
P P[3(0,P[3(0,P[3(0,-46056969)(1,554438008)(2,57078208)(3,76634482)])(1,P[2(0,-964674313)(1,263381669)(2,-331196160)])(2,P[1(0,-466046885)(1,-420137591)])(3,P[0(0,-1825142686)])])(1,P[2(0,P[2(0,-1683505569)(1,421576146)(2,1626348561)])(1,P[1(0,-622834118)(1,-1013885875)])(2,P[0(0,-405791225)])])(2,P[1(0,P[1(0,-318308369)(1,-1297278628)])(1,P[0(0,-439650813)])])(3,P[0(0,P[0(0,-1096122928)])])]
P P[3(0,P[3(0,P[3(0,-1699333800)(1,-979434159)(2,-1762879102)(3,-1665205193)])(1,P[2(0,796720104)(1,1872954835)(2,-272930376)])(2,P[1(0,-1513571316)(1,-1003337103)])(3,P[0(0,31933501)])])(1,P[2(0,P[2(0,-1560140790)(1,-1347859831)(2,-999848844)])(1,P[1(0,1806892886)(1,-363197456)])(2,P[0(0,511610898)])])(2,P[1(0,P[1(0,351023152)(1,319276912)])(1,P[0(0,-1995650868)])])(3,P[0(0,P[0(0,1844522111)])])]
