40
P P[3(0,P[3(0,P[3(0,-10899)(1,10059)(2,22616)(3,27907)])(1,P[2(0,16814)(1,6592)(2,9882)])(2,P[1(0,23029)(1,25502)])(3,P[0(0,15320)])])(1,P[2(0,P[2(0,-27747)(1,-27097)(2,-21286)])(1,P[1(0,-6534)(1,-636)])(2,P[0(0,-18828)])])(2,P[1(0,P[1(0,8906)(1,28374)])(1,P[0(0,29234)])])(3,P[0(0,P[0(0,-20988)])])]
P P[3(0,P[3(0,P[3(0,26922)(1,6417)(2,12769)(3,31148)])(1,P[2(0,-21682)(1,26161)(2,-31189)])(2,P[1(0,14041)(1,27344)])(3,P[0(0,-18812)])])(1,P[2(0,P[2(0,-1796)(1,4700)(2,-3767)])(1,P[1(0,-16887)(1,16885)])(2,P[0(0,9610)])])(2,P[1(0,P[1(0,-4681)(1,-12652)])(1,P[0(0,-29974)])])(3,P[0(0,P[0(0,-25696)])])]
P P[3(0,P[3(0,P[3(0,19380)(1,3284)(2,-13730)(3,27015)])(1,P[2(0,-31199)(1,-9378)(2,16594)])(2,P[1(0,9363)(1,3830)])(3,P[0(0,-8675)])])(1,P[2(0,P[2(0,-18015)(1,-5206)(2,-23316)])(1,P[1(0,29027)(1,15347)])(2,P[0(0,7588)])])(2,P[1(0,P[1(0,11237)(1,-22343)])(1,P[0(0,-20582)])])(3,P[0(0,P[0(0,14427)])])]
P P[3(0,P[3(0,P[3(0,-27819)(1,15148)(2,-24184)(3,-12552)])(1,P[2(0,-1671)(1,29380)(2,-18204)])(2,P[1(0,3071)(1,-5091)])(3,P[0(0,26910)])])(1,P[2(0,P[2(0,-9325)(1,-2458)(2,-3056)])(1,P[1(0,14857)(1,11382)])(2,P[0(0,-20492)])])(2,P[1(0,P[1(0,17004)(1,-21848)])(1,P[0(0,-17343)])])(3,P[0(0,P[0(0,27283)])])]
P P[3(0,P[3(0,P[3(0,10487)(1,17710)(2,-21627)(3,-24344)])(1,P[2(0,-14312)(1,-29417)(2,-4378)])(2,P[1(0,-19574)(1,27373)])(3,P[0(0,-25435)])])(1,P[2(0,P[2(0,-10306)(1,-32694)(2,-12714)])(1,P[1(0,-16275)(1,3982)])(2,P[0(0,21954)])])(2,P[1(0,P[1(0,-4142)(1,30369)])(1,P[0(0,-6943)])])(3,P[0(0,P[0(0,-22082)])])]
P P[3(0,P[3(0,P[3(0,1101)(1,20921)(2,31542)(3,-1860)])(1,P[2(0,12307)(1,-13195)(2,-16547)])(2,P[1(0,-583)(1,-28003)])(3,P[0(0,2353)])])(1,P[2(0,P[2(0,-23821)(1,-14024)(2,-16563)])(1,P[1(0,-7347)(1,22974)])(2,P[0(0,-28077)])])(2,P[1(0,P[1(0,-16169)(1,-3583)])(1,P[0(0,5727)])])(3,P[0(0,P[0(0,4406)])])]
P P[3(0,P[3(0,P[3(0,-31696)(1,22410)(2,24743)(3,-8839)])(1,P[2(0,-2217)(1,12639)(2,-7422)])(2,P[1(0,-18925)(1,2555)])(3,P[0(0,-19836)])])(1,P[2(0,P[2(0,-13019)(1,211)(2,16288)])(1,P[1(0,-13971)(1,-21121)])(2,P[0(0,-17326)])])(2,P[1(0,P[1(0,30603)(1,-5477)])(1,P[0(0,11837)])])(3,P[0(0,P[0(0,-5002)])])]
P P[3(0,P[3(0,P[3(0,-4863)(1,5250)(2,-21029)(3,20145)])(1,P[2(0,8414)(1,9452)(2,-14371)])(2,P[1(0,26920)(1,-27295)])(3,P[0(0,-22568)])])(1,P[2(0,P[2(0,3050)(1,2249)(2,16045)])(1,P[1(0,-14639)(1,5605)])(2,P[0(0,30108)])])(2,P[1(0,P[1(0,28313)(1,-22930)])(1,P[0(0,18277)])])(3,P[0(0,P[0(0,13782)])])]
P P[3(0,P[3(0,P[3(0,-29443)(1,7398)(2,-14419)(3,-16245)])(1,P[2(0,-1820)(1,2757)(2,-1605)])(2,P[1(0,-2682)(1,-7490)])(3,P[0(0,1865)])])(1,P[2(0,P[2(0,-19172)(1,2546)(2,1623)])(1,P[1(0,-20473)(1,-3050)])(2,P[0(0,28255)])])(2,P[1(0,P[1(0,2263)(1,15787)])(1,P[0(0,-19375)])])(3,P[0(0,P[0(0,-14638)])])]
P P[3(0,P[3(0,P[3(0,-32263)(1,-4933)(2,19870)(3,-11659)])(1,P[2(0,1842)(1,26093)(2,-6246)])(2,P[1(0,-86)(1,-4060)])(3,P[0(0,32084)])])(1,P[2(0,P[2(0,-32128)(1,-24085)(2,11026)])(1,P[1(0,-1868)(1,5380)])(2,P[0(0,17693)])])(2,P[1(0,P[1(0,28494)(1,17232)])(1,P[0(0,-16189)])])(3,P[0(0,P[0(0,23558)])])]
P P[3(0,P[3(0,P[3(0,16267)(1,2545)(2,7026)(3,-2927)])(1,P[2(0,-1652)(1,-24620)(2,7958)])(2,P[1(0,29268)(1,13916)])(3,P[0(0,-10119)])])(1,P[2(0,P[2(0,26171)(1,3545)(2,-10489)])(1,P[1(0,30473)(1,-10055)])(2,P[0(0,18620)])])(2,P[1(0,P[1(0,-9005)(1,29730)])(1,P[0(0,29897)])])(3,P[0(0,P[0(0,-19381)])])]
P P[3(0,P[3(0,P[3(0,-10387)(1,23552)(2,25066)(3,-32088)])(1,P[2(0,-10522)(1,-27398)(2,-5413)])(2,P[1(0,-23534)(1,-3146)])(3,P[0(0,19109)])])(1,P[2(0,P[2(0,23916)(1,-26932)(2,-28639)])(1,P[1(0,25517)(1,-32589)])(2,P[0(0,-649)])])(2,P[1(0,P[1(0,-8225)(1,6968)])(1,P[0(0,-19856)])])(3,P[0(0,P[0(0,-21230)])])]
P P[3(0,P[3(0,P[3(0,-29418)(1,28856)(2,-29974)(3,2506)])(1,P[2(0,-8852)(1,28554)(2,-22061)])(2,P[1(0,-8293)(1,20139)])(3,P[0(0,-30963)])])(1,P[2(0,P[2(0,-20726)(1,21393)(2,7606)])(1,P[1(0,-21049)(1,11880)])(2,P[0(0,29493)])])(2,P[1(0,P[1(0,26467)(1,-16984)])(1,P[0(0,-28649)])])(3,P[0(0,P[0(0,11687)])])]
P P[3(0,P[3(0,P[3(0,-16157)(1,18132)(2,-16877)(3,4876)])(1,P[2(0,-2018)(1,-17919)(2,-17419)])(2,P[1(0,-20675)(1,11516)])(3,P[0(0,-30355)])])(1,P[2(0,P[2(0,32144)(1,-19919)(2,-10397)])(1,P[1(0,-19694)(1,-16066)])(2,P[0(0,-5300)])])(2,P[1(0,P[1(0,27212)(1,-32541)])(1,P[0(0,-11853)])])(3,P[0(0,P[0(0,-14966)])])]
P P[3(0,P[3(0,P[3(0,-13521)(1,6232)(2,-9789)(3,6229)])(1,P[2(0,-20899)(1,7250)(2,-11633)])(2,P[1(0,-15328)(1,13590)])(3,P[0(0,-13142)])])(1,P[2(0,P[2(0,-21279)(1,19454)(2,30265)])(1,P[1(0,761)(1,29084)])(2,P[0(0,-27733)])])(2,P[1(0,P[1(0,14396)(1,-30279)])(1,P[0(0,15909)])])(3,P[0(0,P[0(0,-20024)])])]
P P[3(0,P[3(0,P[3(0,15491)(1,15719)(2,-32121)(3,21141)])(1,P[2(0,30948)(1,14826)(2,-32674)])(2,P[1(0,26465)(1,1406)])(3,P[0(0,4121)])])(1,P[2(0,P[2(0,-14474)(1,12202)(2,-32439)])(1,P[1(0,-24940)(1,-6279)])(2,P[0(0,-23713)])])(2,P[1(0,P[1(0,-5203)(1,10167)])(1,P[0(0,-17999)])])(3,P[0(0,P[0(0,30000)])])]
P P[3(0,P[3(0,P[3(0,21399)(1,23214)(2,-2126)(3,-5101)])(1,P[2(0,-14451)(1,-1392)(2,-6775)])(2,P[1(0,-14722)(1,-16723)])(3,P[0(0,-3796)])])(1,P[2(0,P[2(0,5956)(1,-7687)(2,16728)])(1,P[1(0,16796)(1,-28965)])(2,P[0(0,5709)])])(2,P[1(0,P[1(0,26506)(1,-6423)])(1,P[0(0,-11659)])])(3,P[0(0,P[0(0,27802)])])]
P P[3(0,P[3(0,P[3(0,17565)(1,16952)(2,24828)(3,16574)])(1,P[2(0,15388)(1,-10078)(2,15305)])(2,P[1(0,19735)(1,238)])(3,P[0(0,-17919)])])(1,P[2(0,P[2(0,-11611)(1,11140)(2,7108)])(1,P[1(0,21882)(1,-4079)])(2,P[0(0,-25724)])])(2,P[1(0,P[1(0,-26276)(1,30497)])(1,P[0(0,25242)])])(3,P[0(0,P[0(0,7766)])])]
P P[3(0,P[3(0,P[3(0,21480)(1,-12669)(2,-6425)(3,20759)])(1,P[2(0,-21871)(1,-18578)(2,7463)])(2,P[1(0,10042)(1,26315)])(3,P[0(0,30241)])])(1,P[2(0,P[2(0,-27558)(1,25031)(2,26255)])(1,P[1(0,16787)(1,-5975)])(2,P[0(0,9576)])])(2,P[1(0,P[1(0,28857)(1,-31688)])(1,P[0(0,-17508)])])(3,P[0(0,P[0(0,-23459)])])]
P P[3(0,P[3(0,P[3(0,-3664)(1,16276)(2,32447)(3,5656)])(1,P[2(0,-5176)(1,-7256)(2,-7701)])(2,P[1(0,8701)(1,32260)])(3,P[0(0,-5492)])])(1,P[2(0,P[2(0,-17326)(1,-20020)(2,11027)])(1,P[1(0,27277)(1,-23403)])(2,P[0(0,-8791)])])(2,P[1(0,P[1(0,5069)(1,-21420)])(1,P[0(0,-6317)])])(3,P[0(0,P[0(0,26506)])])]
P P[3(0,P[3(0,P[3(0,-29192)(1,24001)(2,6805)(3,7281)])(1,P[2(0,-15582)(1,3341)(2,-9009)])(2,P[1(0,-2204)(1,2471)])(3,P[0(0,-14663)])])(1,P[2(0,P[2(0,24396)(1,-21383)(2,148)])(1,P[1(0,6881)(1,-18270)])(2,P[0(0,31882)])])(2,P[1(0,P[1(0,15731)(1,-13048)])(1,P[0(0,-21654)])])(3,P[0(0,P[0(0,10191)])])]
P P[3(0,P[3(0,P[3(0,-17921)(1,5660)(2,21195)(3,-21658)])(1,P[2(0,28261)(1,9672)(2,7446)])(2,P[1(0,32554)(1,-30347)])(3,P[0(0,10027)])])(1,P[2(0,P[2(0,-11099)(1,19887)(2,9416)])(1,P[1(0,-15600)(1,-18833)])(2,P[0(0,18467)])])(2,P[1(0,P[1(0,7380)(1,-2958)])(1,P[0(0,12766)])])(3,P[0(0,P[0(0,-31827)])])]
P P[3(0,P[3(0,P[3(0,24210)(1,-9476)(2,21169)(3,-26852)])(1,P[2(0,-16534)(1,-11926)(2,-3343)])(2,P[1(0,-2051)(1,8359)])(3,P[0(0,-1215)])])(1,P[2(0,P[2(0,23777)(1,-5850)(2,22842)])(1,P[1(0,6577)(1,24292)])(2,P[0(0,-22857)])])(2,P[1(0,P[1(0,18149)(1,-15554)])(1,P[0(0,22469)])])(3,P[0(0,P[0(0,13384)])])]
P P[3(0,P[3(0,P[3(0,-9331)(1,21687)(2,-7209)(3,-26218)])(1,P[2(0,21451)(1,22562)(2,20581)])(2,P[1(0,13674)(1,19109)])(3,P[0(0,5877)])])(1,P[2(0,P[2(0,-324)(1,4565)(2,-4912)])(1,P[1(0,20984)(1,-21125)])(2,P[0(0,18428)])])(2,P[1(0,P[1(0,6880)(1,28749)])(1,P[0(0,1523)])])(3,P[0(0,P[0(0,31565)])])]
P P[3(0,P[3(0,P[3(0,-6712)(1,2938)(2,9331)(3,-27610)])(1,P[2(0,-13041)(1,3602)(2,3702)])(2,P[1(0,-10080)(1,20234)])(3,P[0(0,-2797)])])(1,P[2(0,P[2(0,11413)(1,12204)(2,13833)])(1,P[1(0,-26360)(1,21439)])(2,P[0(0,19098)])])(2,P[1(0,P[1(0,29378)(1,27075)])(1,P[0(0,-26637)])])(3,P[0(0,P[0(0,29201)])])]
P P[3(0,P[3(0,P[3(0,-24970)(1,-24233)(2,-12155)(3,-9570)])(1,P[2(0,31570)(1,21537)(2,-13044)])(2,P[1(0,7032)(1,26589)])(3,P[0(0,18620)])])(1,P[2(0,P[2(0,-18241)(1,-2821)(2,2680)])(1,P[1(0,-32147)(1,6787)])(2,P[0(0,25693)])])(2,P[1(0,P[1(0,2323)(1,-5516)])(1,P[0(0,-594)])])(3,P[0(0,P[0(0,-12478)])])]
P P[3(0,P[3(0,P[3(0,-21241)(1,-10036)(2,85)(3,20309)])(1,P[2(0,27654)(1,-26379)(2,857)])(2,P[1(0,-3543)(1,30760)])(3,P[0(0,-11544)])])(1,P[2(0,P[2(0,24717)(1,-14321)(2,14719)])(1,P[1(0,-20262)(1,-22824)])(2,P[0(0,307)])])(2,P[1(0,P[1(0,18957)(1,-7330)])(1,P[0(0,-4513)])])(3,P[0(0,P[0(0,-25185)])])]
P P[3(0,P[3(0,P[3(0,-23820)(1,-9079)(2,-29831)(3,21059)])(1,P[2(0,-3962)(1,-19158)(2,12598)])(2,P[1(0,28285)(1,-6262)])(3,P[0(0,-27278)])])(1,P[2(0,P[2(0,-6438)(1,-14111)(2,-12198)])(1,P[1(0,-23661)(1,-2985)])(2,P[0(0,18806)])])(2,P[1(0,P[1(0,-491)(1,-27753)])(1,P[0(0,-9192)])])(3,P[0(0,P[0(0,18775)])])]
P P[3(0,P[3(0,P[3(0,30492)(1,-16301)(2,-21211)(3,-7965)])(1,P[2(0,4051)(1,-17697)(2,-13755)])(2,P[1(0,4651)(1,32764)])(3,P[0(0,29162)])])(1,P[2(0,P[2(0,698)(1,-21260)(2,-9153)])(1,P[1(0,-6902)(1,-5382)])(2,P[0(0,-9213)])])(2,P[1(0,P[1(0,-6446)(1,-22918)])(1,P[0(0,10228)])])(3,P[0(0,P[0(0,25875)])])]
P P[3(0,P[3(0,P[3(0,-19760)(1,25110)(2,-18059)(3,14822)])(1,P[2(0,31925)(1,22369)(2,-15555)])(2,P[1(0,-13589)(1,19991)])(3,P[0(0,-27792)])])(1,P[2(0,P[2(0,18892)(1,-27588)(2,31844)])(1,P[1(0,13277)(1,27411)])(2,P[0(0,5520)])])(2,P[1(0,P[1(0,15508)(1,-19086)])(1,P[0(0,-3684)])])(3,P[0(0,P[0(0,1530)])])]
P P[3(0,P[3(0,P[3(0,-32354)(1,19443)(2,28954)(3,96)])(1,P[2(0,-1198)(1,-2607)(2,-28546)])(2,P[1(0,-16673)(1,11124)])(3,P[0(0,-20623)])])(1,P[2(0,P[2(0,-13218)(1,9284)(2,23937)])(1,P[1(0,-5109)(1,-27194)])(2,P[0(0,9385)])])(2,P[1(0,P[1(0,16703)(1,28941)])(1,P[0(0,-12255)])])(3,P[0(0,P[0(0,-10236)])])]
P P[3(0,P[3(0,P[3(0,-5235)(1,11005)(2,-533)(3,849)])(1,P[2(0,-23538)(1,-6775)(2,-22025)])(2,P[1(0,11042)(1,-4522)])(3,P[0(0,25406)])])(1,P[2(0,P[2(0,-20477)(1,-7099)(2,-11308)])(1,P[1(0,-15415)(1,-19545)])(2,P[0(0,21485)])])(2,P[1(0,P[1(0,23478)(1,17026)])(1,P[0(0,27125)])])(3,P[0(0,P[0(0,28097)])])]
P P[3(0,P[3(0,P[3(0,-19933)(1,-3683)(2,20635)(3,-1261)])(1,P[2(0,-13789)(1,-6013)(2,2744)])(2,P[1(0,7973)(1,-30801)])(3,P[0(0,-5435)])])(1,P[2(0,P[2(0,-14588)(1,9972)(2,-2805)])(1,P[1(0,-15706)(1,7388)])(2,P[0(0,9408)])])(2,P[1(0,P[1(0,29843)(1,-25990)])(1,P[0(0,7281)])])(3,P[0(0,P[0(0,19777)])])]
P P[3(0,P[3(0,P[3(0,29437)(1,-16949)(2,-9973)(3,-6976)])(1,P[2(0,-1617)(1,13653)(2,-5936)])(2,P[1(0,-31520)(1,19253)])(3,P[0(0,23866)])])(1,P[2(0,P[2(0,30706)(1,6293)(2,14017)])(1,P[1(0,-21827)(1,-20371)])(2,P[0(0,21441)])])(2,P[1(0,P[1(0,2969)(1,8547)])(1,P[0(0,29029)])])(3,P[0(0,P[0(0,-25044)])])]
P P[3(0,P[3(0,P[3(0,-19869)(1,19105)(2,-32610)(3,-889)])(1,P[2(0,-6965)(1,8502)(2,-13320)])(2,P[1(0,12321)(1,13132)])(3,P[0(0,16468)])])(1,P[2(0,P[2(0,-274)(1,-11185)(2,25370)])(1,P[1(0,26954)(1,-2577)])(2,P[0(0,-10423)])])(2,P[1(0,P[1(0,-21320)(1,-8831)])(1,P[0(0,5472)])])(3,P[0(0,P[0(0,10797)])])]
P P[3(0,P[3(0,P[3(0,-27631)(1,17678)(2,-21478)(3,22884)])(1,P[2(0,-25894)(1,3968)(2,-19274)])(2,P[1(0,-476)(1,-17437)])(3,P[0(0,25562)])])(1,P[2(0,P[2(0,17580)(1,9455)(2,8946)])(1,P[1(0,20932)(1,-32498)])(2,P[0(0,5654)])])(2,P[1(0,P[1(0,30658)(1,-21936)])(1,P[0(0,-30201)])])(3,P[0(0,P[0(0,6521)])])]
P P[3(0,P[3(0,P[3(0,-18169)(1,-10839)(2,25162)(3,27317)])(1,P[2(0,-28342)(1,3128)(2,28866)])(2,P[1(0,-29292)(1,13821)])(3,P[0(0,11432)])])(1,P[2(0,P[2(0,22882)(1,-2128)(2,-18709)])(1,P[1(0,12149)(1,4533)])(2,P[0(0,-14665)])])(2,P[1(0,P[1(0,13940)(1,7409)])(1,P[0(0,-21390)])])(3,P[0(0,P[0(0,-22875)])])]
P P[3(0,P[3(0,P[3(0,14871)(1,-1374)(2,-30219)(3,-18876)])(1,P[2(0,17491)(1,-31466)(2,3210)])(2,P[1(0,6413)(1,-327)])(3,P[0(0,19707)])])(1,P[2(0,P[2(0,2206)(1,23086)(2,8305)])(1,P[1(0,32071)(1,-12495)])(2,P[0(0,30537)])])(2,P[1(0,P[1(0,12080)(1,-7864)])(1,P[0(0,-14798)])])(3,P[0(0,P[0(0,24152)])])]
P P[3(0,P[3(0,P[3(0,27851)(1,-29015)(2,-26825)(3,12429)])(1,P[2(0,30921)(1,-5408)(2,-14362)])(2,P[1(0,-13057)(1,-17925)])(3,P[0(0,31366)])])(1,P[2(0,P[2(0,-10010)(1,248)(2,-16474)])(1,P[1(0,30628)(1,28109)])(2,P[0(0,4519)])])(2,P[1(0,P[1(0,27073)(1,-9884)])(1,P[0(0,-25138)])])(3,P[0(0,P[0(0,8290)])])]
P P[3(0,P[3(0,P[3(0,-11978)(1,-1905)(2,-9529)(3,-11320)])(1,P[2(0,17370)(1,-13070)(2,-10234)])(2,P[1(0,9993)(1,516)])(3,P[0(0,-32369)])])(1,P[2(0,P[2(0,-1731)(1,6529)(2,1031)])(1,P[1(0,-1342)(1,13401)])(2,P[0(0,27740)])])(2,P[1(0,P[1(0,-32200)(1,22080)])(1,P[0(0,7928)])])(3,P[0(0,P[0(0,1660)])])]
