10
P P[1(0,P[1(0,P[1(0,19152)(1,1694)])(1,P[0(0,-31675)])])(1,P[0(0,P[0(0,18496)])])]
P P[1(0,P[1(0,P[1(0,17885)(1,-3970)])(1,P[0(0,13284)])])(1,P[0(0,P[0(0,-8330)])])]
P P[1(0,P[1(0,P[1(0,170)(1,-13697)])(1,P[0(0,-20230)])])(1,P[0(0,P[0(0,-13430)])])]
P P[1(0,P[1(0,P[1(0,-20008)(1,100)])(1,P[0(0,-4015)])])(1,P[0(0,P[0(0,13189)])])]
P P[1(0,P[1(0,P[1(0,5214)(1,6192)])(1,P[0(0,-22245)])])(1,P[0(0,P[0(0,22323)])])]
P P[1(0,P[1(0,P[1(0,-363)(1,4824)])(1,P[0(0,26543)])])(1,P[0(0,P[0(0,-1625)])])]
P P[1(0,P[1(0,P[1(0,13274)(1,-20827)])(1,P[0(0,-14427)])])(1,P[0(0,P[0(0,-31142)])])]
P P[1(0,P[1(0,P[1(0,-17347)(1,-29525)])(1,P[0(0,-3359)])])(1,P[0(0,P[0(0,11067)])])]
P P[1(0,P[1(0,P[1(0,7905)(1,-8523)])(1,P[0(0,27569)])])(1,P[0(0,P[0(0,10279)])])]
P P[1(0,P[1(0,P[1(0,-15463)(1,4730)])(1,P[0(0,3800)])])(1,P[0(0,P[0(0,-8869)])])]
