10
P P[4(0,P[4(0,P[4(0,-22456)(1,15908)(2,-3950)(3,29051)(4,1543)])(1,P[3(0,29181)(1,-7467)(2,-15959)(3,-23407)])(2,P[2(0,-24888)(1,-19048)(2,-10500)])(3,P[1(0,6893)(1,15802)])(4,P[0(0,-2230)])])(1,P[3(0,P[3(0,-14660)(1,13273)(2,20199)(3,-9217)])(1,P[2(0,-21248)(1,17393)(2,7346)])(2,P[1(0,10870)(1,20803)])(3,P[0(0,-19277)])])(2,P[2(0,P[2(0,-4064)(1,30887)(2,-4427)])(1,P[1(0,-23464)(1,18250)])(2,P[0(0,-17089)])])(3,P[1(0,P[1(0,26463)(1,32315)])(1,P[0(0,32414)])])(4,P[0(0,P[0(0,-20254)])])]
P P[4(0,P[4(0,P[4(0,26404)(1,-4055)(2,24644)(3,-6865)(4,-3034)])(1,P[3(0,3789)(1,24603)(2,17842)(3,-31520)])(2,P[2(0,-1016)(1,-18896)(2,-14562)])(3,P[1(0,19699)(1,17835)])(4,P[0(0,149)])])(1,P[3(0,P[3(0,3301)(1,-19870)(2,6256)(3,-19309)])(1,P[2(0,-30836)(1,-31782)(2,10746)])(2,P[1(0,-29501)(1,-4774)])(3,P[0(0,14285)])])(2,P[2(0,P[2(0,-8174)(1,-1011)(2,-444)])(1,P[1(0,-24865)(1,8688)])(2,P[0(0,-24270)])])(3,P[1(0,P[1(0,16942)(1,17518)])(1,P[0(0,2656)])])(4,P[0(0,P[0(0,-20006)])])]
P P[4(0,P[4(0,P[4(0,-20052)(1,-10056)(2,4157)(3,13939)(4,-19314)])(1,P[3(0,5931)(1,9989)(2,14336)(3,-7448)])(2,P[2(0,32464)(1,1468)(2,13589)])(3,P[1(0,-13090)(1,-30152)])(4,P[0(0,-8024)])])(1,P[3(0,P[3(0,-16923)(1,15611)(2,-6897)(3,-4492)])(1,P[2(0,-19123)(1,24295)(2,-8972)])(2,P[1(0,-23113)(1,-14961)])(3,P[0(0,27387)])])(2,P[2(0,P[2(0,-32151)(1,12929)(2,30659)])(1,P[1(0,-23950)(1,13423)])(2,P[0(0,6712)])])(3,P[1(0,P[1(0,-982)(1,-14924)])(1,P[0(0,-24998)])])(4,P[0(0,P[0(0,-10021)])])]
P P[4(0,P[4(0,P[4(0,-10293)(1,-4605)(2,-7787)(3,-1954)(4,15923)])(1,P[3(0,-422)(1,17377)(2,10488)(3,17414)])(2,P[2(0,29137)(1,6281)(2,-8082)])(3,P[1(0,25857)(1,6618)])(4,P[0(0,-9823)])])(1,P[3(0,P[3(0,9062)(1,-18585)(2,-18510)(3,-24361)])(1,P[2(0,26953)(1,-12804)(2,-10385)])(2,P[1(0,26696)(1,-1838)])(3,P[0(0,-31448)])])(2,P[2(0,P[2(0,-4963)(1,4213)(2,-20773)])(1,P[1(0,7999)(1,21415)])(2,P[0(0,-9677)])])(3,P[1(0,P[1(0,7654)(1,24514)])(1,P[0(0,18023)])])(4,P[0(0,P[0(0,-10660)])])]
P P[4(0,P[4(0,P[4(0,1671)(1,9919)(2,13021)(3,15819)(4,16088)])(1,P[3(0,28077)(1,-25591)(2,-15962)(3,28695)])(2,P[2(0,-30932)(1,19029)(2,32704)])(3,P[1(0,-29603)(1,-12110)])(4,P[0(0,-5628)])])(1,P[3(0,P[3(0,32238)(1,-26510)(2,-13073)(3,-24598)])(1,P[2(0,-945)(1,9304)(2,-435)])(2,P[1(0,27994)(1,-14051)])(3,P[0(0,16332)])])(2,P[2(0,P[2(0,20791)(1,27983)(2,16261)])(1,P[1(0,-8862)(1,-27056)])(2,P[0(0,-8892)])])(3,P[1(0,P[1(0,11402)(1,30039)])(1,P[0(0,24808)])])(4,P[0(0,P[0(0,15356)])])]
P P[4(0,P[4(0,P[4(0,-27433)(1,-15483)(2,27948)(3,-16933)(4,20136)])(1,P[3(0,20792)(1,24721)(2,-9525)(3,-2078)])(2,P[2(0,5138)(1,-30840)(2,13912)])(3,P[1(0,5309)(1,15293)])(4,P[0(0,23974)])])(1,P[3(0,P[3(0,-3159)(1,8128)(2,-3425)(3,17364)])(1,P[2(0,-24576)(1,-27598)(2,24235)])(2,P[1(0,-2125)(1,10544)])(3,P[0(0,-18167)])])(2,P[2(0,P[2(0,-4562)(1,-24277)(2,17391)])(1,P[1(0,-6892)(1,25736)])(2,P[0(0,1940)])])(3,P[1(0,P[1(0,-9350)(1,14125)])(1,P[0(0,-2552)])])(4,P[0(0,P[0(0,-6818)])])]
P P[4(0,P[4(0,P[4(0,17797)(1,-22973)(2,16151)(3,-30885)(4,-19349)])(1,P[3(0,9204)(1,24944)(2,-1157)(3,4442)])(2,P[2(0,-21137)(1,8234)(2,12571)])(3,P[1(0,9809)(1,1643)])(4,P[0(0,-18285)])])(1,P[3(0,P[3(0,-4600)(1,18667)(2,26476)(3,-14210)])(1,P[2(0,-582)(1,-22412)(2,-6745)])(2,P[1(0,10755)(1,23819)])(3,P[0(0,23093)])])(2,P[2(0,P[2(0,19907)(1,-3491)(2,-29996)])(1,P[1(0,-25897)(1,6636)])(2,P[0(0,-1753)])])(3,P[1(0,P[1(0,-9950)(1,-21486)])(1,P[0(0,19349)])])(4,P[0(0,P[0(0,9886)])])]
P P[4(0,P[4(0,P[4(0,-12112)(1,32743)(2,16772)(3,18919)(4,-26713)])(1,P[3(0,12071)(1,19370)(2,-6336)(3,-19046)])(2,P[2(0,-1598)(1,6298)(2,9107)])(3,P[1(0,23218)(1,-8531)])(4,P[0(0,25894)])])(1,P[3(0,P[3(0,18596)(1,-3961)(2,-9177)(3,31252)])(1,P[2(0,-16072)(1,-5027)(2,-15313)])(2,P[1(0,14086)(1,-22734)])(3,P[0(0,17885)])])(2,P[2(0,P[2(0,-32046)(1,31689)(2,-13753)])(1,P[1(0,15929)(1,-16317)])(2,P[0(0,14607)])])(3,P[1(0,P[1(0,15565)(1,9964)])(1,P[0(0,27484)])])(4,P[0(0,P[0(0,30712)])])]
P P[4(0,P[4(0,P[4(0,11081)(1,20285)(2,-22353)(3,24912)(4,-3654)])(1,P[3(0,-22932)(1,-15144)(2,-17643)(3,-1693)])(2,P[2(0,7548)(1,-17196)(2,-23644)])(3,P[1(0,-4764)(1,-13613)])(4,P[0(0,15414)])])(1,P[3(0,P[3(0,-13047)(1,30849)(2,-8786)(3,19631)])(1,P[2(0,-30934)(1,15253)(2,-3510)])(2,P[1(0,20392)(1,-30400)])(3,P[0(0,-31587)])])(2,P[2(0,P[2(0,-25671)(1,7114)(2,-32119)])(1,P[1(0,-3570)(1,-29773)])(2,P[0(0,-21026)])])(3,P[1(0,P[1(0,-577)(1,-9382)])(1,P[0(0,-18211)])])(4,P[0(0,P[0(0,21780)])])]
P P[4(0,P[4(0,P[4(0,-10958)(1,26206)(2,-4042)(3,-20781)(4,-12193)])(1,P[3(0,-18499)(1,-25224)(2,2326)(3,4512)])(2,P[2(0,-16766)(1,24465)(2,-470)])(3,P[1(0,20149)(1,-5945)])(4,P[0(0,-32637)])])(1,P[3(0,P[3(0,31152)(1,1238)(2,-5551)(3,-24866)])(1,P[2(0,-21160)(1,-5247)(2,24276)])(2,P[1(0,4520)(1,-23269)])(3,P[0(0,-3111)])])(2,P[2(0,P[2(0,23247)(1,-9311)(2,29332)])(1,P[1(0,2504)(1,-16823)])(2,P[0(0,30381)])])(3,P[1(0,P[1(0,-13771)(1,-18251)])(1,P[0(0,25461)])])(4,P[0(0,P[0(0,-406)])])]
