80
P P[3(0,P[3(0,P[3(0,-24598)(1,-25106)(2,-7580)(3,-4805)])(1,P[2(0,-3284)(1,6071)(2,3253)])(2,P[1(0,-30239)(1,26642)])(3,P[0(0,10946)])])(1,P[2(0,P[2(0,25564)(1,6132)(2,26907)])(1,P[1(0,-13582)(1,-25403)])(2,P[0(0,3302)])])(2,P[1(0,P[1(0,12136)(1,3599)])(1,P[0(0,-4447)])])(3,P[0(0,P[0(0,30447)])])]
P P[3(0,P[3(0,P[3(0,-13339)(1,21887)(2,-16790)(3,-16921)])(1,P[2(0,2961)(1,21805)(2,-8469)])(2,P[1(0,-23136)(1,-27751)])(3,P[0(0,-16468)])])(1,P[2(0,P[2(0,-21002)(1,-27067)(2,27215)])(1,P[1(0,-5552)(1,25708)])(2,P[0(0,15174)])])(2,P[1(0,P[1(0,22690)(1,4722)])(1,P[0(0,28468)])])(3,P[0(0,P[0(0,-26964)])])]
P P[3(0,P[3(0,P[3(0,-14888)(1,-28465)(2,7574)(3,-19052)])(1,P[2(0,30156)(1,-17574)(2,15065)])(2,P[1(0,30936)(1,-6395)])(3,P[0(0,-15112)])])(1,P[2(0,P[2(0,28911)(1,-464)(2,-18575)])(1,P[1(0,-26558)(1,-30843)])(2,P[0(0,-3001)])])(2,P[1(0,P[1(0,11837)(1,20713)])(1,P[0(0,854)])])(3,P[0(0,P[0(0,-32560)])])]
P P[3(0,P[3(0,P[3(0,1341)(1,14610)(2,8973)(3,8429)])(1,P[2(0,-10866)(1,-15190)(2,12521)])(2,P[1(0,-18684)(1,-21763)])(3,P[0(0,-27809)])])(1,P[2(0,P[2(0,22542)(1,-32275)(2,18927)])(1,P[1(0,14126)(1,-25374)])(2,P[0(0,23898)])])(2,P[1(0,P[1(0,28960)(1,-21967)])(1,P[0(0,719)])])(3,P[0(0,P[0(0,-28334)])])]
P P[3(0,P[3(0,P[3(0,17682)(1,24545)(2,-10401)(3,24035)])(1,P[2(0,-1819)(1,7725)(2,24006)])(2,P[1(0,855)(1,9839)])(3,P[0(0,-23474)])])(1,P[2(0,P[2(0,-966)(1,32124)(2,30846)])(1,P[1(0,32274)(1,-20125)])(2,P[0(0,12464)])])(2,P[1(0,P[1(0,-3350)(1,2984)])(1,P[0(0,-23148)])])(3,P[0(0,P[0(0,9443)])])]
P P[3(0,P[3(0,P[3(0,4903)(1,26155)(2,26952)(3,-22911)])(1,P[2(0,-2219)(1,-25758)(2,24335)])(2,P[1(0,19509)(1,-9162)])(3,P[0(0,23860)])])(1,P[2(0,P[2(0,5767)(1,-26788)(2,10555)])(1,P[1(0,-30744)(1,8798)])(2,P[0(0,29298)])])(2,P[1(0,P[1(0,-24262)(1,-13370)])(1,P[0(0,10405)])])(3,P[0(0,P[0(0,11471)])])]
P P[3(0,P[3(0,P[3(0,-15249)(1,-26243)(2,-26807)(3,-22988)])(1,P[2(0,-28115)(1,-15320)(2,20516)])(2,P[1(0,27035)(1,-19765)])(3,P[0(0,10300)])])(1,P[2(0,P[2(0,15879)(1,4267)(2,29928)])(1,P[1(0,-16953)(1,23715)])(2,P[0(0,16178)])])(2,P[1(0,P[1(0,9900)(1,26434)])(1,P[0(0,154)])])(3,P[0(0,P[0(0,23015)])])]
P P[3(0,P[3(0,P[3(0,-1060)(1,9683)(2,-30618)(3,-29918)])(1,P[2(0,-22874)(1,-19201)(2,-19069)])(2,P[1(0,-24413)(1,-6055)])(3,P[0(0,-31145)])])(1,P[2(0,P[2(0,23866)(1,7898)(2,29996)])(1,P[1(0,3911)(1,4128)])(2,P[0(0,-24434)])])(2,P[1(0,P[1(0,20598)(1,-13177)])(1,P[0(0,-21582)])])(3,P[0(0,P[0(0,-21565)])])]
P P[3(0,P[3(0,P[3(0,-8021)(1,-3959)(2,-10514)(3,-18729)])(1,P[2(0,-17624)(1,9907)(2,17906)])(2,P[1(0,30726)(1,19404)])(3,P[0(0,11810)])])(1,P[2(0,P[2(0,5318)(1,-20321)(2,4856)])(1,P[1(0,20476)(1,-30330)])(2,P[0(0,8018)])])(2,P[1(0,P[1(0,-5588)(1,11484)])(1,P[0(0,-6824)])])(3,P[0(0,P[0(0,31272)])])]
P P[3(0,P[3(0,P[3(0,8806)(1,20660)(2,23168)(3,-12308)])(1,P[2(0,24480)(1,-10772)(2,11490)])(2,P[1(0,-21708)(1,-13679)])(3,P[0(0,-31537)])])(1,P[2(0,P[2(0,22210)(1,2835)(2,-11830)])(1,P[1(0,437)(1,-20184)])(2,P[0(0,-22169)])])(2,P[1(0,P[1(0,6680)(1,-13027)])(1,P[0(0,21937)])])(3,P[0(0,P[0(0,-12512)])])]
P P[3(0,P[3(0,P[3(0,8599)(1,3610)(2,6112)(3,17491)])(1,P[2(0,-602)(1,-19328)(2,-5776)])(2,P[1(0,-26228)(1,-14909)])(3,P[0(0,-120)])])(1,P[2(0,P[2(0,24073)(1,-14849)(2,26190)])(1,P[1(0,-8793)(1,15522)])(2,P[0(0,-22438)])])(2,P[1(0,P[1(0,2035)(1,-16913)])(1,P[0(0,-24237)])])(3,P[0(0,P[0(0,-32754)])])]
P P[3(0,P[3(0,P[3(0,-19870)(1,-24500)(2,24484)(3,-22047)])(1,P[2(0,18314)(1,-16796)(2,-29953)])(2,P[1(0,-17636)(1,22837)])(3,P[0(0,-28078)])])(1,P[2(0,P[2(0,-22901)(1,-5259)(2,21956)])(1,P[1(0,-16575)(1,27690)])(2,P[0(0,29845)])])(2,P[1(0,P[1(0,30984)(1,-28327)])(1,P[0(0,-6479)])])(3,P[0(0,P[0(0,-18051)])])]
P P[3(0,P[3(0,P[3(0,7042)(1,-23806)(2,29481)(3,15106)])(1,P[2(0,-4951)(1,-20384)(2,10805)])(2,P[1(0,16977)(1,-3632)])(3,P[0(0,-3025)])])(1,P[2(0,P[2(0,-25302)(1,-16930)(2,679)])(1,P[1(0,22418)(1,-2391)])(2,P[0(0,-24096)])])(2,P[1(0,P[1(0,-29709)(1,13615)])(1,P[0(0,-11758)])])(3,P[0(0,P[0(0,-5408)])])]
P P[3(0,P[3(0,P[3(0,3924)(1,30775)(2,-32461)(3,-3831)])(1,P[2(0,5582)(1,-9869)(2,-15684)])(2,P[1(0,182)(1,24437)])(3,P[0(0,19936)])])(1,P[2(0,P[2(0,-28107)(1,2216)(2,-13451)])(1,P[1(0,16571)(1,-22781)])(2,P[0(0,-24416)])])(2,P[1(0,P[1(0,16641)(1,-7568)])(1,P[0(0,-18477)])])(3,P[0(0,P[0(0,11837)])])]
P P[3(0,P[3(0,P[3(0,-7247)(1,-16669)(2,18648)(3,25562)])(1,P[2(0,-13079)(1,-23643)(2,922)])(2,P[1(0,-265)(1,-31535)])(3,P[0(0,-2378)])])(1,P[2(0,P[2(0,3349)(1,30725)(2,-21126)])(1,P[1(0,10055)(1,24402)])(2,P[0(0,25158)])])(2,P[1(0,P[1(0,25799)(1,-11083)])(1,P[0(0,13721)])])(3,P[0(0,P[0(0,-20824)])])]
P P[3(0,P[3(0,P[3(0,221)(1,-20111)(2,29862)(3,3403)])(1,P[2(0,-17038)(1,362)(2,29666)])(2,P[1(0,16489)(1,18478)])(3,P[0(0,14698)])])(1,P[2(0,P[2(0,-32347)(1,-26408)(2,24492)])(1,P[1(0,13884)(1,24087)])(2,P[0(0,-527)])])(2,P[1(0,P[1(0,18079)(1,-6396)])(1,P[0(0,32473)])])(3,P[0(0,P[0(0,-19837)])])]
P P[3(0,P[3(0,P[3(0,-32088)(1,-28541)(2,18279)(3,-5297)])(1,P[2(0,-31526)(1,-26788)(2,8552)])(2,P[1(0,-5817)(1,7990)])(3,P[0(0,89)])])(1,P[2(0,P[2(0,31689)(1,-5481)(2,20475)])(1,P[1(0,13711)(1,18913)])(2,P[0(0,-19797)])])(2,P[1(0,P[1(0,-19394)(1,8869)])(1,P[0(0,-22187)])])(3,P[0(0,P[0(0,-13502)])])]
P P[3(0,P[3(0,P[3(0,26063)(1,-13974)(2,-5945)(3,32331)])(1,P[2(0,-9398)(1,29128)(2,11109)])(2,P[1(0,-23153)(1,486)])(3,P[0(0,-223)])])(1,P[2(0,P[2(0,-5830)(1,-8815)(2,6367)])(1,P[1(0,18964)(1,-9714)])(2,P[0(0,-4174)])])(2,P[1(0,P[1(0,29404)(1,5595)])(1,P[0(0,-5429)])])(3,P[0(0,P[0(0,14818)])])]
P P[3(0,P[3(0,P[3(0,-5428)(1,-14228)(2,-6756)(3,-3280)])(1,P[2(0,-8019)(1,-7143)(2,11056)])(2,P[1(0,9062)(1,-16831)])(3,P[0(0,-4966)])])(1,P[2(0,P[2(0,-14330)(1,1907)(2,-9426)])(1,P[1(0,-28606)(1,-4267)])(2,P[0(0,-18866)])])(2,P[1(0,P[1(0,29537)(1,-27260)])(1,P[0(0,-2466)])])(3,P[0(0,P[0(0,-601)])])]
P P[3(0,P[3(0,P[3(0,15250)(1,15368)(2,20310)(3,-9319)])(1,P[2(0,4960)(1,18428)(2,6607)])(2,P[1(0,31869)(1,-11859)])(3,P[0(0,-19418)])])(1,P[2(0,P[2(0,-10346)(1,-7912)(2,2841)])(1,P[1(0,17420)(1,-9193)])(2,P[0(0,21939)])])(2,P[1(0,P[1(0,10639)(1,-11041)])(1,P[0(0,-15228)])])(3,P[0(0,P[0(0,-32624)])])]
P P[3(0,P[3(0,P[3(0,3042)(1,-27112)(2,-23664)(3,11645)])(1,P[2(0,28920)(1,-26417)(2,31650)])(2,P[1(0,-32525)(1,6146)])(3,P[0(0,-7779)])])(1,P[2(0,P[2(0,-20515)(1,-14928)(2,13857)])(1,P[1(0,-21487)(1,31602)])(2,P[0(0,12366)])])(2,P[1(0,P[1(0,-7605)(1,15886)])(1,P[0(0,27166)])])(3,P[0(0,P[0(0,-7371)])])]
P P[3(0,P[3(0,P[3(0,-5690)(1,-28790)(2,-4557)(3,-18950)])(1,P[2(0,-5368)(1,-21798)(2,-23542)])(2,P[1(0,8400)(1,32416)])(3,P[0(0,-21437)])])(1,P[2(0,P[2(0,3088)(1,-449)(2,14047)])(1,P[1(0,17895)(1,-2932)])(2,P[0(0,-12023)])])(2,P[1(0,P[1(0,-24851)(1,-2282)])(1,P[0(0,28952)])])(3,P[0(0,P[0(0,30710)])])]
P P[3(0,P[3(0,P[3(0,26538)(1,-16043)(2,12874)(3,17706)])(1,P[2(0,27364)(1,-7476)(2,6147)])(2,P[1(0,-25416)(1,16149)])(3,P[0(0,896)])])(1,P[2(0,P[2(0,18768)(1,18998)(2,-20437)])(1,P[1(0,-955)(1,-9913)])(2,P[0(0,19232)])])(2,P[1(0,P[1(0,11376)(1,7844)])(1,P[0(0,-15463)])])(3,P[0(0,P[0(0,-25287)])])]
P P[3(0,P[3(0,P[3(0,-4478)(1,1664)(2,15999)(3,-16140)])(1,P[2(0,-4567)(1,-14898)(2,-27915)])(2,P[1(0,-15063)(1,25678)])(3,P[0(0,-7622)])])(1,P[2(0,P[2(0,-30997)(1,15515)(2,-9038)])(1,P[1(0,-6371)(1,-9796)])(2,P[0(0,-2336)])])(2,P[1(0,P[1(0,-17526)(1,9437)])(1,P[0(0,19665)])])(3,P[0(0,P[0(0,-7826)])])]
P P[3(0,P[3(0,P[3(0,-26828)(1,-30154)(2,-15219)(3,-13485)])(1,P[2(0,25272)(1,25918)(2,27333)])(2,P[1(0,24367)(1,-28692)])(3,P[0(0,-1461)])])(1,P[2(0,P[2(0,-24440)(1,-8793)(2,26940)])(1,P[1(0,-13603)(1,23954)])(2,P[0(0,-11848)])])(2,P[1(0,P[1(0,-18324)(1,28088)])(1,P[0(0,-26719)])])(3,P[0(0,P[0(0,-3014)])])]
P P[3(0,P[3(0,P[3(0,-510)(1,30302)(2,6352)(3,-29887)])(1,P[2(0,30475)(1,-18536)(2,-32142)])(2,P[1(0,6307)(1,-13258)])(3,P[0(0,30717)])])(1,P[2(0,P[2(0,-23604)(1,32307)(2,23203)])(1,P[1(0,4064)(1,24405)])(2,P[0(0,-3722)])])(2,P[1(0,P[1(0,4936)(1,-7691)])(1,P[0(0,-19548)])])(3,P[0(0,P[0(0,9298)])])]
P P[3(0,P[3(0,P[3(0,13541)(1,19294)(2,-8462)(3,21314)])(1,P[2(0,-23118)(1,-23813)(2,-24508)])(2,P[1(0,6783)(1,24517)])(3,P[0(0,18918)])])(1,P[2(0,P[2(0,-2791)(1,-9328)(2,-1965)])(1,P[1(0,13614)(1,495)])(2,P[0(0,-17172)])])(2,P[1(0,P[1(0,30137)(1,-13720)])(1,P[0(0,9049)])])(3,P[0(0,P[0(0,3063)])])]
P P[3(0,P[3(0,P[3(0,11227)(1,9551)(2,2571)(3,-19337)])(1,P[2(0,-29430)(1,26993)(2,-26866)])(2,P[1(0,2694)(1,-31951)])(3,P[0(0,10455)])])(1,P[2(0,P[2(0,-13875)(1,8261)(2,27717)])(1,P[1(0,29273)(1,-27710)])(2,P[0(0,4628)])])(2,P[1(0,P[1(0,-1366)(1,-410)])(1,P[0(0,2591)])])(3,P[0(0,P[0(0,-3189)])])]
P P[3(0,P[3(0,P[3(0,2977)(1,-31538)(2,9180)(3,14728)])(1,P[2(0,24707)(1,-29367)(2,28166)])(2,P[1(0,-12183)(1,-16893)])(3,P[0(0,4049)])])(1,P[2(0,P[2(0,32749)(1,17062)(2,-20759)])(1,P[1(0,-17010)(1,28741)])(2,P[0(0,2800)])])(2,P[1(0,P[1(0,5015)(1,-19602)])(1,P[0(0,-2116)])])(3,P[0(0,P[0(0,-1455)])])]
P P[3(0,P[3(0,P[3(0,9183)(1,-27602)(2,30443)(3,-14569)])(1,P[2(0,-30549)(1,2807)(2,18144)])(2,P[1(0,24774)(1,4992)])(3,P[0(0,-26405)])])(1,P[2(0,P[2(0,5102)(1,19861)(2,-23111)])(1,P[1(0,-4549)(1,12074)])(2,P[0(0,-19267)])])(2,P[1(0,P[1(0,-30100)(1,-31456)])(1,P[0(0,9009)])])(3,P[0(0,P[0(0,23686)])])]
P P[3(0,P[3(0,P[3(0,29212)(1,-20946)(2,8954)(3,-14313)])(1,P[2(0,19487)(1,-32212)(2,29912)])(2,P[1(0,-28945)(1,9923)])(3,P[0(0,-9041)])])(1,P[2(0,P[2(0,11639)(1,9043)(2,15071)])(1,P[1(0,-10087)(1,31123)])(2,P[0(0,-31322)])])(2,P[1(0,P[1(0,1442)(1,20750)])(1,P[0(0,19232)])])(3,P[0(0,P[0(0,18082)])])]
P P[3(0,P[3(0,P[3(0,-8585)(1,-18320)(2,30052)(3,16373)])(1,P[2(0,-815)(1,8787)(2,10335)])(2,P[1(0,1255)(1,21520)])(3,P[0(0,-32130)])])(1,P[2(0,P[2(0,22278)(1,-27543)(2,6334)])(1,P[1(0,12647)(1,32176)])(2,P[0(0,30146)])])(2,P[1(0,P[1(0,-27109)(1,31508)])(1,P[0(0,31482)])])(3,P[0(0,P[0(0,21916)])])]
P P[3(0,P[3(0,P[3(0,19865)(1,-448)(2,-16093)(3,-28046)])(1,P[2(0,-3369)(1,21441)(2,26595)])(2,P[1(0,-30468)(1,13568)])(3,P[0(0,22623)])])(1,P[2(0,P[2(0,31235)(1,11872)(2,-12952)])(1,P[1(0,17471)(1,-24804)])(2,P[0(0,-13341)])])(2,P[1(0,P[1(0,32378)(1,-7316)])(1,P[0(0,-31768)])])(3,P[0(0,P[0(0,-2797)])])]
P P[3(0,P[3(0,P[3(0,6641)(1,26157)(2,6723)(3,25631)])(1,P[2(0,-14508)(1,-21592)(2,5446)])(2,P[1(0,-29703)(1,30374)])(3,P[0(0,-2689)])])(1,P[2(0,P[2(0,-7027)(1,-30167)(2,-22721)])(1,P[1(0,-8583)(1,27229)])(2,P[0(0,19425)])])(2,P[1(0,P[1(0,4453)(1,29083)])(1,P[0(0,26955)])])(3,P[0(0,P[0(0,4787)])])]
P P[3(0,P[3(0,P[3(0,-26960)(1,13832)(2,-28794)(3,32054)])(1,P[2(0,-6763)(1,-5986)(2,13318)])(2,P[1(0,-28191)(1,-1186)])(3,P[0(0,23863)])])(1,P[2(0,P[2(0,14883)(1,24015)(2,-27801)])(1,P[1(0,17588)(1,29279)])(2,P[0(0,8485)])])(2,P[1(0,P[1(0,13366)(1,-2480)])(1,P[0(0,12648)])])(3,P[0(0,P[0(0,-1943)])])]
P P[3(0,P[3(0,P[3(0,-29505)(1,-7039)(2,24914)(3,-8065)])(1,P[2(0,-27898)(1,-19267)(2,31459)])(2,P[1(0,23820)(1,-32422)])(3,P[0(0,-6460)])])(1,P[2(0,P[2(0,29722)(1,4823)(2,-14542)])(1,P[1(0,8468)(1,-28818)])(2,P[0(0,26503)])])(2,P[1(0,P[1(0,-14711)(1,-18428)])(1,P[0(0,-5259)])])(3,P[0(0,P[0(0,-19545)])])]
P P[3(0,P[3(0,P[3(0,24821)(1,-11701)(2,10168)(3,25964)])(1,P[2(0,14816)(1,-7042)(2,31747)])(2,P[1(0,9172)(1,13630)])(3,P[0(0,21753)])])(1,P[2(0,P[2(0,-543)(1,-17823)(2,11429)])(1,P[1(0,4784)(1,-22486)])(2,P[0(0,5093)])])(2,P[1(0,P[1(0,23556)(1,-12999)])(1,P[0(0,32104)])])(3,P[0(0,P[0(0,-4478)])])]
P P[3(0,P[3(0,P[3(0,-16265)(1,25623)(2,20443)(3,-30513)])(1,P[2(0,-13781)(1,32151)(2,26279)])(2,P[1(0,26904)(1,15147)])(3,P[0(0,22001)])])(1,P[2(0,P[2(0,12019)(1,-18072)(2,11531)])(1,P[1(0,868)(1,9580)])(2,P[0(0,24261)])])(2,P[1(0,P[1(0,466)(1,15659)])(1,P[0(0,27295)])])(3,P[0(0,P[0(0,30209)])])]
P P[3(0,P[3(0,P[3(0,11582)(1,30455)(2,-11524)(3,17412)])(1,P[2(0,-19654)(1,-18906)(2,2367)])(2,P[1(0,-26610)(1,-8495)])(3,P[0(0,-20287)])])(1,P[2(0,P[2(0,20519)(1,-31172)(2,-358)])(1,P[1(0,13686)(1,-9297)])(2,P[0(0,-6566)])])(2,P[1(0,P[1(0,-27512)(1,9223)])(1,P[0(0,-16890)])])(3,P[0(0,P[0(0,-15735)])])]
P P[3(0,P[3(0,P[3(0,4478)(1,-21980)(2,7356)(3,20635)])(1,P[2(0,-2151)(1,27508)(2,-30861)])(2,P[1(0,-4008)(1,-11832)])(3,P[0(0,-2331)])])(1,P[2(0,P[2(0,-28044)(1,-13251)(2,25027)])(1,P[1(0,-18577)(1,-12665)])(2,P[0(0,18657)])])(2,P[1(0,P[1(0,-22963)(1,-21185)])(1,P[0(0,-30345)])])(3,P[0(0,P[0(0,30245)])])]
P P[3(0,P[3(0,P[3(0,-7002)(1,8528)(2,26430)(3,-13967)])(1,P[2(0,24534)(1,27993)(2,8162)])(2,P[1(0,-4677)(1,24568)])(3,P[0(0,-8413)])])(1,P[2(0,P[2(0,-22648)(1,-317)(2,32552)])(1,P[1(0,23695)(1,23217)])(2,P[0(0,-3798)])])(2,P[1(0,P[1(0,-9722)(1,-18254)])(1,P[0(0,-650)])])(3,P[0(0,P[0(0,-17514)])])]
P P[3(0,P[3(0,P[3(0,6615)(1,-19843)(2,-6657)(3,1380)])(1,P[2(0,-10710)(1,-9582)(2,8819)])(2,P[1(0,6331)(1,3266)])(3,P[0(0,-6378)])])(1,P[2(0,P[2(0,11423)(1,30323)(2,-152)])(1,P[1(0,-19038)(1,-24630)])(2,P[0(0,23586)])])(2,P[1(0,P[1(0,-2289)(1,29318)])(1,P[0(0,-8692)])])(3,P[0(0,P[0(0,-22163)])])]
P P[3(0,P[3(0,P[3(0,-12365)(1,-10026)(2,31968)(3,8724)])(1,P[2(0,-9872)(1,15073)(2,17218)])(2,P[1(0,2194)(1,6926)])(3,P[0(0,-135)])])(1,P[2(0,P[2(0,8686)(1,10761)(2,29324)])(1,P[1(0,19372)(1,25980)])(2,P[0(0,-22401)])])(2,P[1(0,P[1(0,14772)(1,9593)])(1,P[0(0,633)])])(3,P[0(0,P[0(0,25931)])])]
P P[3(0,P[3(0,P[3(0,20574)(1,-27523)(2,-5761)(3,19556)])(1,P[2(0,21850)(1,25818)(2,23577)])(2,P[1(0,-18764)(1,5597)])(3,P[0(0,17316)])])(1,P[2(0,P[2(0,29944)(1,-31222)(2,-13055)])(1,P[1(0,21579)(1,8784)])(2,P[0(0,28495)])])(2,P[1(0,P[1(0,23390)(1,32327)])(1,P[0(0,26727)])])(3,P[0(0,P[0(0,-23802)])])]
P P[3(0,P[3(0,P[3(0,-29940)(1,-1674)(2,-12400)(3,23319)])(1,P[2(0,-12016)(1,-15908)(2,4263)])(2,P[1(0,32663)(1,-18355)])(3,P[0(0,-1343)])])(1,P[2(0,P[2(0,-4951)(1,-18929)(2,-4116)])(1,P[1(0,24325)(1,9987)])(2,P[0(0,-31134)])])(2,P[1(0,P[1(0,24257)(1,-14998)])(1,P[0(0,-15777)])])(3,P[0(0,P[0(0,-11456)])])]
P P[3(0,P[3(0,P[3(0,12580)(1,24373)(2,31311)(3,32130)])(1,P[2(0,11029)(1,5940)(2,-27124)])(2,P[1(0,26083)(1,842)])(3,P[0(0,22614)])])(1,P[2(0,P[2(0,-24767)(1,-29486)(2,31988)])(1,P[1(0,20448)(1,16409)])(2,P[0(0,-16669)])])(2,P[1(0,P[1(0,31645)(1,8021)])(1,P[0(0,-15323)])])(3,P[0(0,P[0(0,-14023)])])]
P P[3(0,P[3(0,P[3(0,-5317)(1,29073)(2,-8627)(3,-9770)])(1,P[2(0,13721)(1,-17464)(2,-5952)])(2,P[1(0,12570)(1,-18192)])(3,P[0(0,-16810)])])(1,P[2(0,P[2(0,-1183)(1,-17338)(2,6709)])(1,P[1(0,-29317)(1,-30826)])(2,P[0(0,11079)])])(2,P[1(0,P[1(0,23462)(1,-19299)])(1,P[0(0,-31216)])])(3,P[0(0,P[0(0,-8754)])])]
P P[3(0,P[3(0,P[3(0,-28238)(1,-20550)(2,-2985)(3,-3703)])(1,P[2(0,-5535)(1,2029)(2,15757)])(2,P[1(0,11487)(1,-14766)])(3,P[0(0,22232)])])(1,P[2(0,P[2(0,-20799)(1,-32742)(2,-19302)])(1,P[1(0,2168)(1,-203)])(2,P[0(0,-29211)])])(2,P[1(0,P[1(0,-9777)(1,-12630)])(1,P[0(0,-15641)])])(3,P[0(0,P[0(0,-4708)])])]
P P[3(0,P[3(0,P[3(0,12229)(1,-6567)(2,17197)(3,-2923)])(1,P[2(0,25300)(1,8643)(2,-18926)])(2,P[1(0,-18155)(1,-26091)])(3,P[0(0,-3597)])])(1,P[2(0,P[2(0,-10658)(1,-29816)(2,-17592)])(1,P[1(0,32611)(1,24381)])(2,P[0(0,24636)])])(2,P[1(0,P[1(0,-19690)(1,15678)])(1,P[0(0,27785)])])(3,P[0(0,P[0(0,-28241)])])]
P P[3(0,P[3(0,P[3(0,25478)(1,-17187)(2,14487)(3,-6966)])(1,P[2(0,-26863)(1,-12069)(2,-18498)])(2,P[1(0,-947)(1,24071)])(3,P[0(0,27629)])])(1,P[2(0,P[2(0,-10508)(1,31631)(2,26970)])(1,P[1(0,-27286)(1,-16961)])(2,P[0(0,-24230)])])(2,P[1(0,P[1(0,-28496)(1,-24922)])(1,P[0(0,13776)])])(3,P[0(0,P[0(0,-16801)])])]
P P[3(0,P[3(0,P[3(0,32126)(1,6487)(2,-27124)(3,-17098)])(1,P[2(0,-7669)(1,-3962)(2,-6156)])(2,P[1(0,-15392)(1,451)])(3,P[0(0,-9469)])])(1,P[2(0,P[2(0,-10189)(1,-20995)(2,9135)])(1,P[1(0,305)(1,-6189)])(2,P[0(0,-5377)])])(2,P[1(0,P[1(0,25030)(1,-12279)])(1,P[0(0,31414)])])(3,P[0(0,P[0(0,-31192)])])]
P P[3(0,P[3(0,P[3(0,-23828)(1,-21282)(2,17205)(3,-13143)])(1,P[2(0,664)(1,-24612)(2,30267)])(2,P[1(0,-9518)(1,-8012)])(3,P[0(0,-27464)])])(1,P[2(0,P[2(0,-3516)(1,-11787)(2,4871)])(1,P[1(0,15774)(1,-12723)])(2,P[0(0,23466)])])(2,P[1(0,P[1(0,-79)(1,-16035)])(1,P[0(0,-4339)])])(3,P[0(0,P[0(0,-31979)])])]
P P[3(0,P[3(0,P[3(0,8176)(1,-12819)(2,14930)(3,28193)])(1,P[2(0,-11026)(1,-30241)(2,-7510)])(2,P[1(0,11427)(1,-3685)])(3,P[0(0,-221)])])(1,P[2(0,P[2(0,-29098)(1,21564)(2,-4032)])(1,P[1(0,26317)(1,815)])(2,P[0(0,14742)])])(2,P[1(0,P[1(0,-14806)(1,-952)])(1,P[0(0,25929)])])(3,P[0(0,P[0(0,-1465)])])]
P P[3(0,P[3(0,P[3(0,13451)(1,-26354)(2,-5431)(3,30638)])(1,P[2(0,-1852)(1,9734)(2,-10386)])(2,P[1(0,15456)(1,29025)])(3,P[0(0,11855)])])(1,P[2(0,P[2(0,23000)(1,-21735)(2,-30228)])(1,P[1(0,5309)(1,3571)])(2,P[0(0,10648)])])(2,P[1(0,P[1(0,-22079)(1,8183)])(1,P[0(0,-12737)])])(3,P[0(0,P[0(0,20205)])])]
P P[3(0,P[3(0,P[3(0,18231)(1,1512)(2,-9260)(3,25415)])(1,P[2(0,-448)(1,-27297)(2,-23778)])(2,P[1(0,-15249)(1,-3880)])(3,P[0(0,-10546)])])(1,P[2(0,P[2(0,17253)(1,-4511)(2,-9078)])(1,P[1(0,-11762)(1,-16427)])(2,P[0(0,10640)])])(2,P[1(0,P[1(0,-12936)(1,30736)])(1,P[0(0,-6870)])])(3,P[0(0,P[0(0,-3530)])])]
P P[3(0,P[3(0,P[3(0,-9751)(1,-15843)(2,19698)(3,14513)])(1,P[2(0,3522)(1,-21919)(2,12657)])(2,P[1(0,-30278)(1,30359)])(3,P[0(0,17236)])])(1,P[2(0,P[2(0,-13330)(1,-27693)(2,-12873)])(1,P[1(0,31451)(1,14576)])(2,P[0(0,-22201)])])(2,P[1(0,P[1(0,-30591)(1,31987)])(1,P[0(0,14415)])])(3,P[0(0,P[0(0,-19499)])])]
P P[3(0,P[3(0,P[3(0,-28908)(1,25326)(2,20633)(3,-14094)])(1,P[2(0,-1966)(1,8748)(2,-20331)])(2,P[1(0,12806)(1,-11481)])(3,P[0(0,-11289)])])(1,P[2(0,P[2(0,20707)(1,-10878)(2,11376)])(1,P[1(0,-8544)(1,25757)])(2,P[0(0,-10595)])])(2,P[1(0,P[1(0,21184)(1,5720)])(1,P[0(0,-25535)])])(3,P[0(0,P[0(0,3883)])])]
P P[3(0,P[3(0,P[3(0,19836)(1,30876)(2,-21471)(3,-18686)])(1,P[2(0,15916)(1,30266)(2,5973)])(2,P[1(0,-29641)(1,22657)])(3,P[0(0,-5647)])])(1,P[2(0,P[2(0,5352)(1,28365)(2,10289)])(1,P[1(0,-19914)(1,-17234)])(2,P[0(0,3422)])])(2,P[1(0,P[1(0,-4451)(1,6206)])(1,P[0(0,5303)])])(3,P[0(0,P[0(0,-10893)])])]
P P[3(0,P[3(0,P[3(0,-10102)(1,-6088)(2,13489)(3,263)])(1,P[2(0,-11448)(1,-18938)(2,-4131)])(2,P[1(0,25341)(1,-8612)])(3,P[0(0,-27003)])])(1,P[2(0,P[2(0,10101)(1,22272)(2,22424)])(1,P[1(0,19888)(1,7830)])(2,P[0(0,22246)])])(2,P[1(0,P[1(0,26965)(1,-27547)])(1,P[0(0,-18754)])])(3,P[0(0,P[0(0,-29622)])])]
P P[3(0,P[3(0,P[3(0,29450)(1,14535)(2,-7537)(3,-15158)])(1,P[2(0,27984)(1,3308)(2,14956)])(2,P[1(0,-29744)(1,26897)])(3,P[0(0,-18050)])])(1,P[2(0,P[2(0,-6197)(1,-11096)(2,18413)])(1,P[1(0,15032)(1,-20062)])(2,P[0(0,-13355)])])(2,P[1(0,P[1(0,37)(1,-20006)])(1,P[0(0,1834)])])(3,P[0(0,P[0(0,3235)])])]
P P[3(0,P[3(0,P[3(0,14973)(1,-10605)(2,17043)(3,-18145)])(1,P[2(0,-17969)(1,-26682)(2,-6682)])(2,P[1(0,15741)(1,-11675)])(3,P[0(0,25983)])])(1,P[2(0,P[2(0,28756)(1,-28984)(2,-5190)])(1,P[1(0,-8883)(1,-16428)])(2,P[0(0,31711)])])(2,P[1(0,P[1(0,7609)(1,-30384)])(1,P[0(0,27970)])])(3,P[0(0,P[0(0,21394)])])]
P P[3(0,P[3(0,P[3(0,32476)(1,-20055)(2,16221)(3,2782)])(1,P[2(0,-29149)(1,184)(2,-5841)])(2,P[1(0,-3422)(1,21419)])(3,P[0(0,15794)])])(1,P[2(0,P[2(0,-17933)(1,-2389)(2,10138)])(1,P[1(0,13443)(1,2783)])(2,P[0(0,7116)])])(2,P[1(0,P[1(0,-13968)(1,-32133)])(1,P[0(0,21063)])])(3,P[0(0,P[0(0,-25536)])])]
P P[3(0,P[3(0,P[3(0,15030)(1,3001)(2,1384)(3,31946)])(1,P[2(0,15604)(1,-29447)(2,15882)])(2,P[1(0,4446)(1,22366)])(3,P[0(0,27760)])])(1,P[2(0,P[2(0,32460)(1,32292)(2,25938)])(1,P[1(0,22525)(1,4856)])(2,P[0(0,-16912)])])(2,P[1(0,P[1(0,18893)(1,-3820)])(1,P[0(0,17554)])])(3,P[0(0,P[0(0,-21941)])])]
P P[3(0,P[3(0,P[3(0,25294)(1,6573)(2,12457)(3,-6573)])(1,P[2(0,15129)(1,-25045)(2,2418)])(2,P[1(0,12878)(1,-8769)])(3,P[0(0,23577)])])(1,P[2(0,P[2(0,-3799)(1,-14505)(2,-14921)])(1,P[1(0,-11023)(1,20664)])(2,P[0(0,-25383)])])(2,P[1(0,P[1(0,-2488)(1,9642)])(1,P[0(0,10502)])])(3,P[0(0,P[0(0,32731)])])]
P P[3(0,P[3(0,P[3(0,1491)(1,-30128)(2,18299)(3,-15020)])(1,P[2(0,-17243)(1,31623)(2,9875)])(2,P[1(0,-30848)(1,13504)])(3,P[0(0,-3890)])])(1,P[2(0,P[2(0,27354)(1,5879)(2,8487)])(1,P[1(0,22620)(1,31800)])(2,P[0(0,29148)])])(2,P[1(0,P[1(0,8137)(1,10348)])(1,P[0(0,15913)])])(3,P[0(0,P[0(0,18193)])])]
P P[3(0,P[3(0,P[3(0,-27872)(1,-3592)(2,-958)(3,20843)])(1,P[2(0,8850)(1,-3187)(2,20603)])(2,P[1(0,-29571)(1,-19949)])(3,P[0(0,-18895)])])(1,P[2(0,P[2(0,-10431)(1,-5990)(2,-18902)])(1,P[1(0,11221)(1,-17445)])(2,P[0(0,5382)])])(2,P[1(0,P[1(0,-13263)(1,-3873)])(1,P[0(0,-9418)])])(3,P[0(0,P[0(0,7418)])])]
P P[3(0,P[3(0,P[3(0,-8049)(1,-26423)(2,13807)(3,-11521)])(1,P[2(0,760)(1,-16648)(2,-30968)])(2,P[1(0,26722)(1,-28954)])(3,P[0(0,-6576)])])(1,P[2(0,P[2(0,2729)(1,-28805)(2,1795)])(1,P[1(0,-6953)(1,15087)])(2,P[0(0,-17536)])])(2,P[1(0,P[1(0,18958)(1,-9180)])(1,P[0(0,23754)])])(3,P[0(0,P[0(0,14373)])])]
P P[3(0,P[3(0,P[3(0,10779)(1,15825)(2,-29611)(3,-15860)])(1,P[2(0,21664)(1,-24311)(2,16718)])(2,P[1(0,-19361)(1,-2917)])(3,P[0(0,-6628)])])(1,P[2(0,P[2(0,-18872)(1,-8800)(2,-9457)])(1,P[1(0,-24939)(1,-9326)])(2,P[0(0,16535)])])(2,P[1(0,P[1(0,-251)(1,15339)])(1,P[0(0,-27705)])])(3,P[0(0,P[0(0,-946)])])]
P P[3(0,P[3(0,P[3(0,31430)(1,-26175)(2,26900)(3,4582)])(1,P[2(0,-1781)(1,11214)(2,-31881)])(2,P[1(0,-6688)(1,16632)])(3,P[0(0,-2853)])])(1,P[2(0,P[2(0,16441)(1,-3226)(2,-21336)])(1,P[1(0,30636)(1,21975)])(2,P[0(0,-2018)])])(2,P[1(0,P[1(0,-15883)(1,17824)])(1,P[0(0,-24324)])])(3,P[0(0,P[0(0,26000)])])]
P P[3(0,P[3(0,P[3(0,-32257)(1,9535)(2,-6560)(3,-5463)])(1,P[2(0,-16391)(1,11210)(2,-24718)])(2,P[1(0,31242)(1,-30544)])(3,P[0(0,-6774)])])(1,P[2(0,P[2(0,-12542)(1,-24969)(2,12444)])(1,P[1(0,-14726)(1,-23937)])(2,P[0(0,-23665)])])(2,P[1(0,P[1(0,-30473)(1,11420)])(1,P[0(0,18579)])])(3,P[0(0,P[0(0,-19843)])])]
P P[3(0,P[3(0,P[3(0,11960)(1,12281)(2,16972)(3,237)])(1,P[2(0,15170)(1,-2420)(2,-28053)])(2,P[1(0,4133)(1,27618)])(3,P[0(0,25645)])])(1,P[2(0,P[2(0,-22017)(1,-16963)(2,17590)])(1,P[1(0,-26108)(1,-11283)])(2,P[0(0,19213)])])(2,P[1(0,P[1(0,-21974)(1,4594)])(1,P[0(0,14105)])])(3,P[0(0,P[0(0,-11750)])])]
P P[3(0,P[3(0,P[3(0,23442)(1,-15213)(2,-10871)(3,-4279)])(1,P[2(0,29738)(1,-28000)(2,-10506)])(2,P[1(0,-32398)(1,-12769)])(3,P[0(0,13310)])])(1,P[2(0,P[2(0,12057)(1,8256)(2,-14549)])(1,P[1(0,8439)(1,-19619)])(2,P[0(0,-9092)])])(2,P[1(0,P[1(0,30565)(1,-2158)])(1,P[0(0,18084)])])(3,P[0(0,P[0(0,12192)])])]
P P[3(0,P[3(0,P[3(0,-20235)(1,-4406)(2,-9124)(3,-9900)])(1,P[2(0,9880)(1,-5928)(2,-16049)])(2,P[1(0,30157)(1,1015)])(3,P[0(0,-24785)])])(1,P[2(0,P[2(0,22516)(1,-17448)(2,-29411)])(1,P[1(0,25473)(1,7910)])(2,P[0(0,-1482)])])(2,P[1(0,P[1(0,-17481)(1,22651)])(1,P[0(0,31380)])])(3,P[0(0,P[0(0,14478)])])]
P P[3(0,P[3(0,P[3(0,-18651)(1,31954)(2,-6656)(3,-27984)])(1,P[2(0,14139)(1,-9728)(2,17686)])(2,P[1(0,-111)(1,-27970)])(3,P[0(0,16503)])])(1,P[2(0,P[2(0,-10404)(1,28183)(2,7453)])(1,P[1(0,28919)(1,2815)])(2,P[0(0,-16932)])])(2,P[1(0,P[1(0,-22009)(1,21567)])(1,P[0(0,-18725)])])(3,P[0(0,P[0(0,27963)])])]
P P[3(0,P[3(0,P[3(0,-1765)(1,-29816)(2,-29565)(3,27415)])(1,P[2(0,14551)(1,30701)(2,16339)])(2,P[1(0,-17782)(1,12875)])(3,P[0(0,19465)])])(1,P[2(0,P[2(0,-30255)(1,-29807)(2,-17060)])(1,P[1(0,5742)(1,27853)])(2,P[0(0,820)])])(2,P[1(0,P[1(0,-17170)(1,21743)])(1,P[0(0,26436)])])(3,P[0(0,P[0(0,-20993)])])]
P P[3(0,P[3(0,P[3(0,29309)(1,-12248)(2,2861)(3,28062)])(1,P[2(0,-30087)(1,6821)(2,-25715)])(2,P[1(0,7700)(1,-23117)])(3,P[0(0,-8786)])])(1,P[2(0,P[2(0,-16311)(1,23241)(2,-7429)])(1,P[1(0,21784)(1,6627)])(2,P[0(0,-3533)])])(2,P[1(0,P[1(0,1987)(1,12388)])(1,P[0(0,32670)])])(3,P[0(0,P[0(0,2263)])])]
P P[3(0,P[3(0,P[3(0,-29736)(1,18963)(2,28394)(3,-6443)])(1,P[2(0,23547)(1,-1335)(2,-18973)])(2,P[1(0,15381)(1,-2273)])(3,P[0(0,-29606)])])(1,P[2(0,P[2(0,-2209)(1,-26461)(2,-5759)])(1,P[1(0,-7581)(1,-29744)])(2,P[0(0,15502)])])(2,P[1(0,P[1(0,4778)(1,27560)])(1,P[0(0,17245)])])(3,P[0(0,P[0(0,12896)])])]
P P[3(0,P[3(0,P[3(0,4553)(1,23215)(2,5190)(3,22305)])(1,P[2(0,16085)(1,-2854)(2,-25081)])(2,P[1(0,-29768)(1,17822)])(3,P[0(0,-20377)])])(1,P[2(0,P[2(0,9765)(1,-20668)(2,-24904)])(1,P[1(0,5550)(1,-25812)])(2,P[0(0,-29784)])])(2,P[1(0,P[1(0,-7843)(1,-17648)])(1,P[0(0,15031)])])(3,P[0(0,P[0(0,30320)])])]
P P[3(0,P[3(0,P[3(0,12530)(1,8449)(2,-8323)(3,-29649)])(1,P[2(0,22139)(1,-10487)(2,24228)])(2,P[1(0,28405)(1,19362)])(3,P[0(0,-18759)])])(1,P[2(0,P[2(0,-9372)(1,-28947)(2,6116)])(1,P[1(0,-30165)(1,-5238)])(2,P[0(0,-20251)])])(2,P[1(0,P[1(0,26134)(1,-18034)])(1,P[0(0,5411)])])(3,P[0(0,P[0(0,9280)])])]
P P[3(0,P[3(0,P[3(0,7403)(1,12616)(2,4595)(3,2094)])(1,P[2(0,-10541)(1,15937)(2,28613)])(2,P[1(0,29438)(1,6770)])(3,P[0(0,-27609)])])(1,P[2(0,P[2(0,17825)(1,1528)(2,5559)])(1,P[1(0,-5545)(1,-14801)])(2,P[0(0,-22203)])])(2,P[1(0,P[1(0,-9104)(1,-28544)])(1,P[0(0,-17783)])])(3,P[0(0,P[0(0,-26139)])])]
