10
P P[3(0,P[3(0,P[3(0,-17949)(1,-10368)(2,2292)(3,26750)])(1,P[2(0,25134)(1,8666)(2,-27429)])(2,P[1(0,-5664)(1,-10325)])(3,P[0(0,-1905)])])(1,P[2(0,P[2(0,-30598)(1,16914)(2,-3532)])(1,P[1(0,-18657)(1,-10653)])(2,P[0(0,13569)])])(2,P[1(0,P[1(0,5839)(1,11212)])(1,P[0(0,24449)])])(3,P[0(0,P[0(0,13508)])])]
P P[3(0,P[3(0,P[3(0,-12262)(1,11156)(2,18285)(3,29166)])(1,P[2(0,-32432)(1,29548)(2,2065)])(2,P[1(0,-14901)(1,30094)])(3,P[0(0,23713)])])(1,P[2(0,P[2(0,-23818)(1,30475)(2,17218)])(1,P[1(0,-9174)(1,16016)])(2,P[0(0,-21809)])])(2,P[1(0,P[1(0,12535)(1,22882)])(1,P[0(0,874)])])(3,P[0(0,P[0(0,30989)])])]
P P[3(0,P[3(0,P[3(0,9987)(1,8948)(2,24531)(3,-32349)])(1,P[2(0,-814)(1,31621)(2,-4995)])(2,P[1(0,-25078)(1,15267)])(3,P[0(0,20238)])])(1,P[2(0,P[2(0,8554)(1,912)(2,3807)])(1,P[1(0,-28424)(1,-1668)])(2,P[0(0,-13064)])])(2,P[1(0,P[1(0,24302)(1,-27107)])(1,P[0(0,25054)])])(3,P[0(0,P[0(0,-11820)])])]
P P[3(0,P[3(0,P[3(0,-4998)(1,-19925)(2,-12304)(3,30230)])(1,P[2(0,-28942)(1,-19699)(2,6603)])(2,P[1(0,-22677)(1,-12492)])(3,P[0(0,-32535)])])(1,P[2(0,P[2(0,20978)(1,-5896)(2,-6556)])(1,P[1(0,14622)(1,-6337)])(2,P[0(0,-27349)])])(2,P[1(0,P[1(0,27086)(1,-11828)])(1,P[0(0,-31044)])])(3,P[0(0,P[0(0,-30735)])])]
P P[3(0,P[3(0,P[3(0,-18563)(1,29696)(2,-27921)(3,-6714)])(1,P[2(0,17733)(1,-32475)(2,-6065)])(2,P[1(0,13478)(1,-17168)])(3,P[0(0,-12340)])])(1,P[2(0,P[2(0,9719)(1,10955)(2,10223)])(1,P[1(0,26419)(1,32373)])(2,P[0(0,10063)])])(2,P[1(0,P[1(0,-13652)(1,-10724)])(1,P[0(0,3918)])])(3,P[0(0,P[0(0,23691)])])]
P P[3(0,P[3(0,P[3(0,-29951)(1,16680)(2,-10712)(3,-16686)])(1,P[2(0,-13687)(1,31316)(2,652)])(2,P[1(0,-26470)(1,7193)])(3,P[0(0,-1144)])])(1,P[2(0,P[2(0,-18633)(1,-28626)(2,11177)])(1,P[1(0,-10193)(1,15878)])(2,P[0(0,320)])])(2,P[1(0,P[1(0,23601)(1,-11146)])(1,P[0(0,-27363)])])(3,P[0(0,P[0(0,7560)])])]
P P[3(0,P[3(0,P[3(0,15183)(1,-16341)(2,-30368)(3,-1014)])(1,P[2(0,20475)(1,10247)(2,17351)])(2,P[1(0,-14685)(1,-20666)])(3,P[0(0,20075)])])(1,P[2(0,P[2(0,-4022)(1,20994)(2,1087)])(1,P[1(0,10621)(1,10553)])(2,P[0(0,10120)])])(2,P[1(0,P[1(0,-561)(1,18177)])(1,P[0(0,-14346)])])(3,P[0(0,P[0(0,-28698)])])]
P P[3(0,P[3(0,P[3(0,22697)(1,775)(2,18113)(3,32475)])(1,P[2(0,9152)(1,-31450)(2,-17428)])(2,P[1(0,3979)(1,10816)])(3,P[0(0,22855)])])(1,P[2(0,P[2(0,-18063)(1,-26356)(2,-5850)])(1,P[1(0,-15530)(1,-16651)])(2,P[0(0,-29028)])])(2,P[1(0,P[1(0,-23221)(1,-12737)])(1,P[0(0,32219)])])(3,P[0(0,P[0(0,13873)])])]
P P[3(0,P[3(0,P[3(0,-13606)(1,-2644)(2,17009)(3,19529)])(1,P[2(0,-21324)(1,-14095)(2,-29247)])(2,P[1(0,-29767)(1,21460)])(3,P[0(0,-15600)])])(1,P[2(0,P[2(0,-1924)(1,-26013)(2,-15469)])(1,P[1(0,-9043)(1,10099)])(2,P[0(0,-953)])])(2,P[1(0,P[1(0,-12165)(1,30799)])(1,P[0(0,15696)])])(3,P[0(0,P[0(0,-12328)])])]
P P[3(0,P[3(0,P[3(0,-18551)(1,-8266)(2,346)(3,-10297)])(1,P[2(0,25280)(1,3171)(2,18004)])(2,P[1(0,25180)(1,17338)])(3,P[0(0,-18325)])])(1,P[2(0,P[2(0,2493)(1,9559)(2,15048)])(1,P[1(0,22020)(1,11695)])(2,P[0(0,-28445)])])(2,P[1(0,P[1(0,27334)(1,-21800)])(1,P[0(0,-3377)])])(3,P[0(0,P[0(0,23747)])])]
