70
P P[3(0,P[3(0,P[3(0,8588)(1,28617)(2,6466)(3,25931)])(1,P[2(0,-22434)(1,28671)(2,6191)])(2,P[1(0,-19808)(1,31807)])(3,P[0(0,25336)])])(1,P[2(0,P[2(0,27126)(1,28092)(2,27582)])(1,P[1(0,-19505)(1,17886)])(2,P[0(0,-31479)])])(2,P[1(0,P[1(0,8808)(1,-29469)])(1,P[0(0,-15295)])])(3,P[0(0,P[0(0,20301)])])]
P P[3(0,P[3(0,P[3(0,-902)(1,-7791)(2,-28849)(3,12606)])(1,P[2(0,-2605)(1,-11284)(2,14393)])(2,P[1(0,13782)(1,-3709)])(3,P[0(0,19130)])])(1,P[2(0,P[2(0,10307)(1,8490)(2,14463)])(1,P[1(0,-10982)(1,-1891)])(2,P[0(0,9688)])])(2,P[1(0,P[1(0,-32050)(1,20858)])(1,P[0(0,25610)])])(3,P[0(0,P[0(0,-11497)])])]
P P[3(0,P[3(0,P[3(0,18576)(1,-29794)(2,11582)(3,7787)])(1,P[2(0,-20654)(1,-17204)(2,17212)])(2,P[1(0,11691)(1,3550)])(3,P[0(0,-10306)])])(1,P[2(0,P[2(0,23389)(1,5533)(2,-17982)])(1,P[1(0,-5915)(1,18824)])(2,P[0(0,-25218)])])(2,P[1(0,P[1(0,-31595)(1,-5931)])(1,P[0(0,23163)])])(3,P[0(0,P[0(0,31754)])])]
P P[3(0,P[3(0,P[3(0,-5958)(1,19053)(2,-2195)(3,18991)])(1,P[2(0,-11969)(1,-29496)(2,-31204)])(2,P[1(0,24621)(1,26477)])(3,P[0(0,-29475)])])(1,P[2(0,P[2(0,17547)(1,-3367)(2,9907)])(1,P[1(0,8132)(1,-800)])(2,P[0(0,6454)])])(2,P[1(0,P[1(0,541)(1,26340)])(1,P[0(0,23937)])])(3,P[0(0,P[0(0,16376)])])]
P P[3(0,P[3(0,P[3(0,-2404)(1,18551)(2,-25602)(3,-3742)])(1,P[2(0,19401)(1,27125)(2,-31064)])(2,P[1(0,-26147)(1,27939)])(3,P[0(0,-2153)])])(1,P[2(0,P[2(0,-7099)(1,-29495)(2,-30231)])(1,P[1(0,14940)(1,-7714)])(2,P[0(0,-6879)])])(2,P[1(0,P[1(0,-9220)(1,14932)])(1,P[0(0,-20008)])])(3,P[0(0,P[0(0,-13831)])])]
P P[3(0,P[3(0,P[3(0,16078)(1,3792)(2,18038)(3,-15461)])(1,P[2(0,-23138)(1,-9656)(2,22955)])(2,P[1(0,32624)(1,27698)])(3,P[0(0,-24500)])])(1,P[2(0,P[2(0,30721)(1,-5223)(2,7651)])(1,P[1(0,-22618)(1,12219)])(2,P[0(0,-24199)])])(2,P[1(0,P[1(0,27303)(1,6685)])(1,P[0(0,31948)])])(3,P[0(0,P[0(0,-16120)])])]
P P[3(0,P[3(0,P[3(0,-16801)(1,-32148)(2,24481)(3,20544)])(1,P[2(0,5522)(1,-12512)(2,-5568)])(2,P[1(0,17983)(1,-8387)])(3,P[0(0,-22501)])])(1,P[2(0,P[2(0,31812)(1,-2749)(2,15998)])(1,P[1(0,-32302)(1,-13124)])(2,P[0(0,18794)])])(2,P[1(0,P[1(0,21707)(1,31284)])(1,P[0(0,27393)])])(3,P[0(0,P[0(0,-22346)])])]
P P[3(0,P[3(0,P[3(0,-21185)(1,6493)(2,2765)(3,21784)])(1,P[2(0,3912)(1,-22244)(2,-9120)])(2,P[1(0,18757)(1,30294)])(3,P[0(0,19083)])])(1,P[2(0,P[2(0,18796)(1,-1536)(2,21199)])(1,P[1(0,14320)(1,-18094)])(2,P[0(0,-26255)])])(2,P[1(0,P[1(0,21395)(1,-15535)])(1,P[0(0,19664)])])(3,P[0(0,P[0(0,-1841)])])]
P P[3(0,P[3(0,P[3(0,13438)(1,18309)(2,6108)(3,6402)])(1,P[2(0,31682)(1,-29539)(2,-12989)])(2,P[1(0,1)(1,15620)])(3,P[0(0,-31147)])])(1,P[2(0,P[2(0,30494)(1,23839)(2,-1296)])(1,P[1(0,-8673)(1,1612)])(2,P[0(0,-18569)])])(2,P[1(0,P[1(0,-10504)(1,13561)])(1,P[0(0,28043)])])(3,P[0(0,P[0(0,6211)])])]
P P[3(0,P[3(0,P[3(0,32155)(1,-2604)(2,21766)(3,-28826)])(1,P[2(0,12612)(1,-22105)(2,-31207)])(2,P[1(0,-23890)(1,8628)])(3,P[0(0,-18693)])])(1,P[2(0,P[2(0,3447)(1,10214)(2,7348)])(1,P[1(0,-4020)(1,8278)])(2,P[0(0,-5497)])])(2,P[1(0,P[1(0,14968)(1,-680)])(1,P[0(0,21980)])])(3,P[0(0,P[0(0,32475)])])]
P P[3(0,P[3(0,P[3(0,22486)(1,-12976)(2,18168)(3,-3946)])(1,P[2(0,-15542)(1,-1389)(2,-25547)])(2,P[1(0,-24941)(1,-10594)])(3,P[0(0,-24550)])])(1,P[2(0,P[2(0,9572)(1,-17589)(2,-18863)])(1,P[1(0,-24055)(1,30236)])(2,P[0(0,-12097)])])(2,P[1(0,P[1(0,-24386)(1,-24698)])(1,P[0(0,20602)])])(3,P[0(0,P[0(0,-15907)])])]
P P[3(0,P[3(0,P[3(0,-13862)(1,26574)(2,-11391)(3,22733)])(1,P[2(0,32494)(1,-27185)(2,-5160)])(2,P[1(0,-19004)(1,12443)])(3,P[0(0,-10942)])])(1,P[2(0,P[2(0,-4244)(1,5160)(2,-10373)])(1,P[1(0,-17291)(1,20211)])(2,P[0(0,-5485)])])(2,P[1(0,P[1(0,-30128)(1,-32666)])(1,P[0(0,-21686)])])(3,P[0(0,P[0(0,-16192)])])]
P P[3(0,P[3(0,P[3(0,-15836)(1,11222)(2,5032)(3,-23675)])(1,P[2(0,2395)(1,24337)(2,22559)])(2,P[1(0,-21757)(1,524)])(3,P[0(0,-10288)])])(1,P[2(0,P[2(0,-13020)(1,-16527)(2,20103)])(1,P[1(0,6119)(1,2098)])(2,P[0(0,-2225)])])(2,P[1(0,P[1(0,-19970)(1,8032)])(1,P[0(0,21292)])])(3,P[0(0,P[0(0,4492)])])]
P P[3(0,P[3(0,P[3(0,-4655)(1,4190)(2,-6507)(3,-14196)])(1,P[2(0,10891)(1,22635)(2,-20066)])(2,P[1(0,-17026)(1,28789)])(3,P[0(0,-29691)])])(1,P[2(0,P[2(0,-15259)(1,1209)(2,-10026)])(1,P[1(0,31655)(1,-22679)])(2,P[0(0,32452)])])(2,P[1(0,P[1(0,-12018)(1,22749)])(1,P[0(0,30293)])])(3,P[0(0,P[0(0,-8293)])])]
P P[3(0,P[3(0,P[3(0,-26425)(1,17584)(2,2668)(3,-6786)])(1,P[2(0,3677)(1,13571)(2,9080)])(2,P[1(0,-29185)(1,-28419)])(3,P[0(0,-1048)])])(1,P[2(0,P[2(0,-12695)(1,-28749)(2,-32464)])(1,P[1(0,29637)(1,5164)])(2,P[0(0,-4808)])])(2,P[1(0,P[1(0,-2342)(1,-14324)])(1,P[0(0,25916)])])(3,P[0(0,P[0(0,10590)])])]
P P[3(0,P[3(0,P[3(0,30776)(1,-16097)(2,-5468)(3,22262)])(1,P[2(0,17384)(1,16940)(2,473)])(2,P[1(0,-22989)(1,28030)])(3,P[0(0,-31390)])])(1,P[2(0,P[2(0,31327)(1,220)(2,7768)])(1,P[1(0,23485)(1,-2272)])(2,P[0(0,377)])])(2,P[1(0,P[1(0,-25728)(1,-12555)])(1,P[0(0,-3442)])])(3,P[0(0,P[0(0,26697)])])]
P P[3(0,P[3(0,P[3(0,-8600)(1,-9596)(2,-31504)(3,20702)])(1,P[2(0,1474)(1,11797)(2,-14449)])(2,P[1(0,-14763)(1,-32476)])(3,P[0(0,17152)])])(1,P[2(0,P[2(0,32128)(1,-12782)(2,1518)])(1,P[1(0,14426)(1,2340)])(2,P[0(0,30116)])])(2,P[1(0,P[1(0,-29033)(1,-11916)])(1,P[0(0,-2784)])])(3,P[0(0,P[0(0,-27012)])])]
P P[3(0,P[3(0,P[3(0,-25797)(1,-11170)(2,-32667)(3,17492)])(1,P[2(0,-12622)(1,-25038)(2,30876)])(2,P[1(0,-4427)(1,-22778)])(3,P[0(0,6423)])])(1,P[2(0,P[2(0,29000)(1,19277)(2,29291)])(1,P[1(0,-2737)(1,-5854)])(2,P[0(0,-13450)])])(2,P[1(0,P[1(0,9087)(1,-2277)])(1,P[0(0,3647)])])(3,P[0(0,P[0(0,-2772)])])]
P P[3(0,P[3(0,P[3(0,3956)(1,-22931)(2,9537)(3,-25704)])(1,P[2(0,17198)(1,12700)(2,-2635)])(2,P[1(0,5318)(1,709)])(3,P[0(0,-20115)])])(1,P[2(0,P[2(0,3917)(1,-2690)(2,-3557)])(1,P[1(0,-15257)(1,-547)])(2,P[0(0,-12506)])])(2,P[1(0,P[1(0,-2856)(1,2834)])(1,P[0(0,1682)])])(3,P[0(0,P[0(0,25637)])])]
P P[3(0,P[3(0,P[3(0,-30589)(1,-6138)(2,-3827)(3,29993)])(1,P[2(0,-25308)(1,-3943)(2,-17287)])(2,P[1(0,18250)(1,10855)])(3,P[0(0,-26645)])])(1,P[2(0,P[2(0,-11128)(1,-10287)(2,19891)])(1,P[1(0,-31764)(1,5552)])(2,P[0(0,30103)])])(2,P[1(0,P[1(0,-563)(1,-23886)])(1,P[0(0,188)])])(3,P[0(0,P[0(0,-1994)])])]
P P[3(0,P[3(0,P[3(0,14796)(1,-11639)(2,7111)(3,6436)])(1,P[2(0,6491)(1,26468)(2,-26206)])(2,P[1(0,16986)(1,6342)])(3,P[0(0,-26453)])])(1,P[2(0,P[2(0,23474)(1,-23910)(2,12128)])(1,P[1(0,-15097)(1,14479)])(2,P[0(0,16219)])])(2,P[1(0,P[1(0,-11583)(1,-29911)])(1,P[0(0,-27874)])])(3,P[0(0,P[0(0,-16173)])])]
P P[3(0,P[3(0,P[3(0,-17363)(1,22828)(2,-13178)(3,-4194)])(1,P[2(0,27279)(1,23305)(2,13734)])(2,P[1(0,26689)(1,-22862)])(3,P[0(0,17629)])])(1,P[2(0,P[2(0,643)(1,8662)(2,16960)])(1,P[1(0,-2148)(1,-18751)])(2,P[0(0,-20588)])])(2,P[1(0,P[1(0,27592)(1,6554)])(1,P[0(0,12109)])])(3,P[0(0,P[0(0,-28312)])])]
P P[3(0,P[3(0,P[3(0,-9797)(1,16265)(2,-27850)(3,18321)])(1,P[2(0,-87)(1,12544)(2,30688)])(2,P[1(0,-444)(1,15856)])(3,P[0(0,28148)])])(1,P[2(0,P[2(0,-20059)(1,-14477)(2,-18602)])(1,P[1(0,32002)(1,8532)])(2,P[0(0,-12347)])])(2,P[1(0,P[1(0,-14065)(1,-17411)])(1,P[0(0,-5736)])])(3,P[0(0,P[0(0,24047)])])]
P P[3(0,P[3(0,P[3(0,-22161)(1,-9410)(2,20874)(3,16948)])(1,P[2(0,-19027)(1,25199)(2,29082)])(2,P[1(0,-16845)(1,23571)])(3,P[0(0,6949)])])(1,P[2(0,P[2(0,25155)(1,15200)(2,-28737)])(1,P[1(0,-25269)(1,19127)])(2,P[0(0,31546)])])(2,P[1(0,P[1(0,-22123)(1,7390)])(1,P[0(0,14285)])])(3,P[0(0,P[0(0,13296)])])]
P P[3(0,P[3(0,P[3(0,18227)(1,-32018)(2,9303)(3,-18082)])(1,P[2(0,5716)(1,-19023)(2,17503)])(2,P[1(0,-815)(1,-9896)])(3,P[0(0,-17671)])])(1,P[2(0,P[2(0,28086)(1,-16701)(2,-17415)])(1,P[1(0,-19340)(1,9538)])(2,P[0(0,21297)])])(2,P[1(0,P[1(0,15242)(1,-13252)])(1,P[0(0,-11212)])])(3,P[0(0,P[0(0,6377)])])]
P P[3(0,P[3(0,P[3(0,20279)(1,13497)(2,4012)(3,2624)])(1,P[2(0,-6291)(1,-27981)(2,25957)])(2,P[1(0,-20693)(1,-6459)])(3,P[0(0,25458)])])(1,P[2(0,P[2(0,28685)(1,-19798)(2,-18837)])(1,P[1(0,29269)(1,6521)])(2,P[0(0,-32461)])])(2,P[1(0,P[1(0,19249)(1,-28986)])(1,P[0(0,20100)])])(3,P[0(0,P[0(0,5546)])])]
P P[3(0,P[3(0,P[3(0,20882)(1,30517)(2,20311)(3,-30902)])(1,P[2(0,6627)(1,-14502)(2,-15202)])(2,P[1(0,23675)(1,-19013)])(3,P[0(0,12187)])])(1,P[2(0,P[2(0,-6595)(1,-10248)(2,10388)])(1,P[1(0,-24610)(1,-12001)])(2,P[0(0,-22742)])])(2,P[1(0,P[1(0,31514)(1,5142)])(1,P[0(0,3470)])])(3,P[0(0,P[0(0,5816)])])]
P P[3(0,P[3(0,P[3(0,29803)(1,25527)(2,332)(3,-19252)])(1,P[2(0,-30907)(1,21867)(2,19072)])(2,P[1(0,-5630)(1,-5997)])(3,P[0(0,-408)])])(1,P[2(0,P[2(0,-8295)(1,-17997)(2,10160)])(1,P[1(0,27837)(1,-14003)])(2,P[0(0,16638)])])(2,P[1(0,P[1(0,26805)(1,-8895)])(1,P[0(0,3258)])])(3,P[0(0,P[0(0,-25703)])])]
P P[3(0,P[3(0,P[3(0,16227)(1,-21068)(2,-18873)(3,-21147)])(1,P[2(0,-23541)(1,25066)(2,1817)])(2,P[1(0,26931)(1,-17059)])(3,P[0(0,487)])])(1,P[2(0,P[2(0,-18146)(1,-26108)(2,21434)])(1,P[1(0,2028)(1,10497)])(2,P[0(0,-24875)])])(2,P[1(0,P[1(0,18477)(1,-31176)])(1,P[0(0,27494)])])(3,P[0(0,P[0(0,-27673)])])]
P P[3(0,P[3(0,P[3(0,-14786)(1,27822)(2,-20146)(3,-5989)])(1,P[2(0,13403)(1,-16399)(2,27968)])(2,P[1(0,-27486)(1,2141)])(3,P[0(0,6550)])])(1,P[2(0,P[2(0,-4600)(1,15902)(2,21)])(1,P[1(0,-4191)(1,18170)])(2,P[0(0,5488)])])(2,P[1(0,P[1(0,22817)(1,-3116)])(1,P[0(0,-16856)])])(3,P[0(0,P[0(0,17474)])])]
P P[3(0,P[3(0,P[3(0,-22067)(1,9552)(2,4206)(3,-31209)])(1,P[2(0,-18495)(1,-15106)(2,21515)])(2,P[1(0,-26130)(1,-20545)])(3,P[0(0,-32176)])])(1,P[2(0,P[2(0,20705)(1,14711)(2,22387)])(1,P[1(0,-6670)(1,2878)])(2,P[0(0,-18926)])])(2,P[1(0,P[1(0,7096)(1,20500)])(1,P[0(0,-32681)])])(3,P[0(0,P[0(0,6522)])])]
P P[3(0,P[3(0,P[3(0,-15652)(1,26609)(2,28301)(3,-4293)])(1,P[2(0,-25283)(1,14428)(2,-14940)])(2,P[1(0,17236)(1,-20662)])(3,P[0(0,12075)])])(1,P[2(0,P[2(0,-27771)(1,16017)(2,-9527)])(1,P[1(0,-28594)(1,-11602)])(2,P[0(0,4676)])])(2,P[1(0,P[1(0,10225)(1,-30123)])(1,P[0(0,-30364)])])(3,P[0(0,P[0(0,-23754)])])]
P P[3(0,P[3(0,P[3(0,-22514)(1,6643)(2,-9077)(3,-6241)])(1,P[2(0,-26173)(1,-16857)(2,-12176)])(2,P[1(0,-20778)(1,-27977)])(3,P[0(0,-4260)])])(1,P[2(0,P[2(0,-14410)(1,-27182)(2,27933)])(1,P[1(0,-31597)(1,-20577)])(2,P[0(0,-479)])])(2,P[1(0,P[1(0,17928)(1,-21637)])(1,P[0(0,-16453)])])(3,P[0(0,P[0(0,27148)])])]
P P[3(0,P[3(0,P[3(0,-28830)(1,-4792)(2,-2103)(3,-8710)])(1,P[2(0,23819)(1,31489)(2,-13686)])(2,P[1(0,-30166)(1,19957)])(3,P[0(0,-4249)])])(1,P[2(0,P[2(0,-2726)(1,23008)(2,-4928)])(1,P[1(0,-25628)(1,-400)])(2,P[0(0,13050)])])(2,P[1(0,P[1(0,-9407)(1,-32259)])(1,P[0(0,7516)])])(3,P[0(0,P[0(0,-53)])])]
P P[3(0,P[3(0,P[3(0,12664)(1,-22306)(2,-29025)(3,5811)])(1,P[2(0,1475)(1,-5300)(2,-11832)])(2,P[1(0,-11310)(1,14922)])(3,P[0(0,27036)])])(1,P[2(0,P[2(0,24892)(1,2471)(2,-15729)])(1,P[1(0,-30392)(1,27156)])(2,P[0(0,-6257)])])(2,P[1(0,P[1(0,13511)(1,-27366)])(1,P[0(0,-4540)])])(3,P[0(0,P[0(0,22593)])])]
P P[3(0,P[3(0,P[3(0,-23488)(1,28876)(2,30578)(3,1455)])(1,P[2(0,-23644)(1,-19089)(2,28894)])(2,P[1(0,-24103)(1,-12906)])(3,P[0(0,28253)])])(1,P[2(0,P[2(0,-21706)(1,4971)(2,-27292)])(1,P[1(0,-8172)(1,701)])(2,P[0(0,-26891)])])(2,P[1(0,P[1(0,-26668)(1,24638)])(1,P[0(0,22572)])])(3,P[0(0,P[0(0,21884)])])]
P P[3(0,P[3(0,P[3(0,2018)(1,6114)(2,14819)(3,24548)])(1,P[2(0,-26585)(1,4138)(2,-5312)])(2,P[1(0,30861)(1,-6479)])(3,P[0(0,12782)])])(1,P[2(0,P[2(0,26407)(1,-23483)(2,-30731)])(1,P[1(0,10986)(1,-3724)])(2,P[0(0,14974)])])(2,P[1(0,P[1(0,28743)(1,-8874)])(1,P[0(0,14418)])])(3,P[0(0,P[0(0,1611)])])]
P P[3(0,P[3(0,P[3(0,-25798)(1,16722)(2,22986)(3,25822)])(1,P[2(0,30457)(1,-9107)(2,-12553)])(2,P[1(0,-2316)(1,32189)])(3,P[0(0,27016)])])(1,P[2(0,P[2(0,-30527)(1,-6242)(2,29543)])(1,P[1(0,30550)(1,-3320)])(2,P[0(0,21483)])])(2,P[1(0,P[1(0,3191)(1,25332)])(1,P[0(0,-1102)])])(3,P[0(0,P[0(0,30785)])])]
P P[3(0,P[3(0,P[3(0,25402)(1,28553)(2,281)(3,27009)])(1,P[2(0,-14113)(1,-23926)(2,-11555)])(2,P[1(0,-32257)(1,-27079)])(3,P[0(0,2216)])])(1,P[2(0,P[2(0,-30812)(1,26224)(2,-17668)])(1,P[1(0,30969)(1,-7562)])(2,P[0(0,20768)])])(2,P[1(0,P[1(0,-10324)(1,27301)])(1,P[0(0,-16248)])])(3,P[0(0,P[0(0,-27294)])])]
P P[3(0,P[3(0,P[3(0,-20478)(1,30651)(2,14759)(3,-19936)])(1,P[2(0,9599)(1,5234)(2,16740)])(2,P[1(0,23647)(1,5677)])(3,P[0(0,-20085)])])(1,P[2(0,P[2(0,-15532)(1,17603)(2,7911)])(1,P[1(0,-12477)(1,-30579)])(2,P[0(0,-805)])])(2,P[1(0,P[1(0,-7364)(1,11109)])(1,P[0(0,-4722)])])(3,P[0(0,P[0(0,-16300)])])]
P P[3(0,P[3(0,P[3(0,25650)(1,-18328)(2,-7492)(3,12922)])(1,P[2(0,-19920)(1,18497)(2,15782)])(2,P[1(0,14773)(1,20246)])(3,P[0(0,22116)])])(1,P[2(0,P[2(0,-7735)(1,3405)(2,32246)])(1,P[1(0,-14869)(1,2257)])(2,P[0(0,-12622)])])(2,P[1(0,P[1(0,-28502)(1,-16012)])(1,P[0(0,267)])])(3,P[0(0,P[0(0,-1965)])])]
P P[3(0,P[3(0,P[3(0,15266)(1,-12375)(2,11908)(3,-3874)])(1,P[2(0,-5874)(1,5976)(2,29669)])(2,P[1(0,16604)(1,6082)])(3,P[0(0,-12968)])])(1,P[2(0,P[2(0,-29225)(1,-4224)(2,29794)])(1,P[1(0,-10372)(1,-20021)])(2,P[0(0,29681)])])(2,P[1(0,P[1(0,-23480)(1,-21396)])(1,P[0(0,14333)])])(3,P[0(0,P[0(0,-14874)])])]
P P[3(0,P[3(0,P[3(0,-162)(1,14907)(2,-4808)(3,18070)])(1,P[2(0,716)(1,15643)(2,-29963)])(2,P[1(0,-19296)(1,16451)])(3,P[0(0,9313)])])(1,P[2(0,P[2(0,-30290)(1,26837)(2,-15954)])(1,P[1(0,1576)(1,-19192)])(2,P[0(0,13440)])])(2,P[1(0,P[1(0,-30710)(1,13476)])(1,P[0(0,-20875)])])(3,P[0(0,P[0(0,4916)])])]
P P[3(0,P[3(0,P[3(0,-29750)(1,19749)(2,4668)(3,-3411)])(1,P[2(0,-3756)(1,16760)(2,-1630)])(2,P[1(0,355)(1,8093)])(3,P[0(0,268)])])(1,P[2(0,P[2(0,5337)(1,25276)(2,11543)])(1,P[1(0,30550)(1,19927)])(2,P[0(0,24460)])])(2,P[1(0,P[1(0,23648)(1,27071)])(1,P[0(0,8202)])])(3,P[0(0,P[0(0,17000)])])]
P P[3(0,P[3(0,P[3(0,9009)(1,-6361)(2,25797)(3,20881)])(1,P[2(0,-30651)(1,-17028)(2,-29112)])(2,P[1(0,-16311)(1,-32708)])(3,P[0(0,-16615)])])(1,P[2(0,P[2(0,-30562)(1,-8495)(2,28647)])(1,P[1(0,-4922)(1,-23983)])(2,P[0(0,16376)])])(2,P[1(0,P[1(0,-7633)(1,12358)])(1,P[0(0,-11506)])])(3,P[0(0,P[0(0,-9632)])])]
P P[3(0,P[3(0,P[3(0,5725)(1,1538)(2,-29399)(3,15692)])(1,P[2(0,4397)(1,-11090)(2,17855)])(2,P[1(0,-3975)(1,16790)])(3,P[0(0,16651)])])(1,P[2(0,P[2(0,6614)(1,27487)(2,-25995)])(1,P[1(0,29142)(1,10734)])(2,P[0(0,-28933)])])(2,P[1(0,P[1(0,-30365)(1,31557)])(1,P[0(0,6605)])])(3,P[0(0,P[0(0,-14800)])])]
P P[3(0,P[3(0,P[3(0,-8630)(1,-31396)(2,-3608)(3,29221)])(1,P[2(0,-5994)(1,-27486)(2,12430)])(2,P[1(0,14462)(1,3000)])(3,P[0(0,21988)])])(1,P[2(0,P[2(0,27690)(1,7177)(2,-2202)])(1,P[1(0,27287)(1,12024)])(2,P[0(0,-21567)])])(2,P[1(0,P[1(0,-14466)(1,19257)])(1,P[0(0,-5612)])])(3,P[0(0,P[0(0,-18692)])])]
P P[3(0,P[3(0,P[3(0,-32569)(1,16162)(2,-20906)(3,12502)])(1,P[2(0,14350)(1,-24182)(2,-3831)])(2,P[1(0,30206)(1,-30644)])(3,P[0(0,-21511)])])(1,P[2(0,P[2(0,-26240)(1,-26115)(2,14136)])(1,P[1(0,-16794)(1,3305)])(2,P[0(0,-9395)])])(2,P[1(0,P[1(0,20629)(1,-1122)])(1,P[0(0,2961)])])(3,P[0(0,P[0(0,8498)])])]
P P[3(0,P[3(0,P[3(0,-16875)(1,-2079)(2,17769)(3,11086)])(1,P[2(0,-4739)(1,-23755)(2,-16567)])(2,P[1(0,-9386)(1,16308)])(3,P[0(0,-18565)])])(1,P[2(0,P[2(0,-28630)(1,-25628)(2,-26640)])(1,P[1(0,4469)(1,-13263)])(2,P[0(0,-3209)])])(2,P[1(0,P[1(0,-13611)(1,29746)])(1,P[0(0,6456)])])(3,P[0(0,P[0(0,-21910)])])]
P P[3(0,P[3(0,P[3(0,29000)(1,-19841)(2,-1898)(3,3656)])(1,P[2(0,-6292)(1,18690)(2,-19668)])(2,P[1(0,-19846)(1,-21628)])(3,P[0(0,-23315)])])(1,P[2(0,P[2(0,-17793)(1,19992)(2,7375)])(1,P[1(0,-3757)(1,27994)])(2,P[0(0,-24507)])])(2,P[1(0,P[1(0,-14494)(1,21637)])(1,P[0(0,-11460)])])(3,P[0(0,P[0(0,-31948)])])]
P P[3(0,P[3(0,P[3(0,20143)(1,24627)(2,28148)(3,24910)])(1,P[2(0,-3734)(1,4937)(2,-20321)])(2,P[1(0,-4548)(1,-7674)])(3,P[0(0,32720)])])(1,P[2(0,P[2(0,18177)(1,20943)(2,-9231)])(1,P[1(0,-25576)(1,-27854)])(2,P[0(0,-27987)])])(2,P[1(0,P[1(0,-30167)(1,-28001)])(1,P[0(0,9863)])])(3,P[0(0,P[0(0,31161)])])]
P P[3(0,P[3(0,P[3(0,-10010)(1,8464)(2,17310)(3,-14980)])(1,P[2(0,3093)(1,-5245)(2,-19443)])(2,P[1(0,-30340)(1,-4841)])(3,P[0(0,-11327)])])(1,P[2(0,P[2(0,-24845)(1,-14684)(2,-20792)])(1,P[1(0,19480)(1,23675)])(2,P[0(0,-4712)])])(2,P[1(0,P[1(0,-30701)(1,12452)])(1,P[0(0,-1921)])])(3,P[0(0,P[0(0,-17320)])])]
P P[3(0,P[3(0,P[3(0,-30985)(1,18664)(2,-9398)(3,-21833)])(1,P[2(0,-23450)(1,-5431)(2,15143)])(2,P[1(0,9644)(1,-20588)])(3,P[0(0,25745)])])(1,P[2(0,P[2(0,-9908)(1,-20469)(2,-13062)])(1,P[1(0,18588)(1,15328)])(2,P[0(0,-6523)])])(2,P[1(0,P[1(0,20276)(1,11204)])(1,P[0(0,-3072)])])(3,P[0(0,P[0(0,16548)])])]
P P[3(0,P[3(0,P[3(0,12914)(1,13202)(2,27854)(3,4243)])(1,P[2(0,12354)(1,-29285)(2,-16427)])(2,P[1(0,-2270)(1,-30632)])(3,P[0(0,-15075)])])(1,P[2(0,P[2(0,775)(1,5282)(2,2308)])(1,P[1(0,10103)(1,26303)])(2,P[0(0,13557)])])(2,P[1(0,P[1(0,29029)(1,21308)])(1,P[0(0,-10872)])])(3,P[0(0,P[0(0,-30768)])])]
P P[3(0,P[3(0,P[3(0,32187)(1,-6429)(2,-30025)(3,13078)])(1,P[2(0,13544)(1,11011)(2,22628)])(2,P[1(0,8721)(1,-25099)])(3,P[0(0,3595)])])(1,P[2(0,P[2(0,-7094)(1,-26146)(2,-12402)])(1,P[1(0,-24890)(1,-971)])(2,P[0(0,-20555)])])(2,P[1(0,P[1(0,-825)(1,11447)])(1,P[0(0,24361)])])(3,P[0(0,P[0(0,15003)])])]
P P[3(0,P[3(0,P[3(0,-5728)(1,-23160)(2,-12841)(3,24817)])(1,P[2(0,-15738)(1,29982)(2,17667)])(2,P[1(0,4574)(1,12769)])(3,P[0(0,-8259)])])(1,P[2(0,P[2(0,-24334)(1,-32077)(2,325)])(1,P[1(0,-20876)(1,19180)])(2,P[0(0,-7658)])])(2,P[1(0,P[1(0,17729)(1,7307)])(1,P[0(0,1035)])])(3,P[0(0,P[0(0,31143)])])]
P P[3(0,P[3(0,P[3(0,27123)(1,-13866)(2,25449)(3,24739)])(1,P[2(0,16460)(1,9377)(2,4700)])(2,P[1(0,-15713)(1,26093)])(3,P[0(0,-17585)])])(1,P[2(0,P[2(0,11266)(1,-23486)(2,-28334)])(1,P[1(0,3889)(1,-32756)])(2,P[0(0,14348)])])(2,P[1(0,P[1(0,19038)(1,-496)])(1,P[0(0,-4153)])])(3,P[0(0,P[0(0,-12035)])])]
P P[3(0,P[3(0,P[3(0,-24162)(1,16023)(2,-28820)(3,-27008)])(1,P[2(0,-13356)(1,11007)(2,-8265)])(2,P[1(0,-3427)(1,-6427)])(3,P[0(0,-13817)])])(1,P[2(0,P[2(0,-20883)(1,-17480)(2,26982)])(1,P[1(0,-1907)(1,-3389)])(2,P[0(0,12376)])])(2,P[1(0,P[1(0,22155)(1,5654)])(1,P[0(0,-21870)])])(3,P[0(0,P[0(0,-12728)])])]
P P[3(0,P[3(0,P[3(0,25114)(1,-12946)(2,23603)(3,-12556)])(1,P[2(0,28422)(1,14380)(2,29781)])(2,P[1(0,-5509)(1,1205)])(3,P[0(0,-22277)])])(1,P[2(0,P[2(0,-12751)(1,6412)(2,-27171)])(1,P[1(0,8607)(1,-29031)])(2,P[0(0,-15486)])])(2,P[1(0,P[1(0,-13209)(1,-20730)])(1,P[0(0,803)])])(3,P[0(0,P[0(0,29303)])])]
P P[3(0,P[3(0,P[3(0,32211)(1,-30920)(2,18583)(3,19702)])(1,P[2(0,16665)(1,26856)(2,24682)])(2,P[1(0,-28705)(1,-20121)])(3,P[0(0,30612)])])(1,P[2(0,P[2(0,-6279)(1,28372)(2,-18439)])(1,P[1(0,19778)(1,-20613)])(2,P[0(0,25494)])])(2,P[1(0,P[1(0,-28397)(1,31054)])(1,P[0(0,-3387)])])(3,P[0(0,P[0(0,30224)])])]
P P[3(0,P[3(0,P[3(0,-29558)(1,22045)(2,20094)(3,-2601)])(1,P[2(0,-25364)(1,-10901)(2,-7013)])(2,P[1(0,32112)(1,-31591)])(3,P[0(0,-10255)])])(1,P[2(0,P[2(0,18778)(1,11650)(2,-20710)])(1,P[1(0,-5040)(1,-6311)])(2,P[0(0,12976)])])(2,P[1(0,P[1(0,11597)(1,17538)])(1,P[0(0,-3622)])])(3,P[0(0,P[0(0,2439)])])]
P P[3(0,P[3(0,P[3(0,-31464)(1,2632)(2,-32562)(3,-3869)])(1,P[2(0,-30395)(1,-31561)(2,1630)])(2,P[1(0,9633)(1,22581)])(3,P[0(0,-29009)])])(1,P[2(0,P[2(0,-16858)(1,-17958)(2,-1973)])(1,P[1(0,-29876)(1,32413)])(2,P[0(0,-28653)])])(2,P[1(0,P[1(0,-28638)(1,26905)])(1,P[0(0,-10018)])])(3,P[0(0,P[0(0,14283)])])]
P P[3(0,P[3(0,P[3(0,12532)(1,-24843)(2,32343)(3,-12005)])(1,P[2(0,11465)(1,-9826)(2,28959)])(2,P[1(0,7580)(1,16722)])(3,P[0(0,3431)])])(1,P[2(0,P[2(0,27748)(1,-30711)(2,-23765)])(1,P[1(0,-17819)(1,29122)])(2,P[0(0,-9945)])])(2,P[1(0,P[1(0,30167)(1,1999)])(1,P[0(0,-30506)])])(3,P[0(0,P[0(0,16297)])])]
P P[3(0,P[3(0,P[3(0,-26808)(1,24394)(2,-23815)(3,-24976)])(1,P[2(0,6164)(1,-21964)(2,118)])(2,P[1(0,-32572)(1,-9577)])(3,P[0(0,-20038)])])(1,P[2(0,P[2(0,31072)(1,-30855)(2,-2051)])(1,P[1(0,17353)(1,12889)])(2,P[0(0,14867)])])(2,P[1(0,P[1(0,21339)(1,14727)])(1,P[0(0,-32089)])])(3,P[0(0,P[0(0,30053)])])]
P P[3(0,P[3(0,P[3(0,29004)(1,22658)(2,27928)(3,-22850)])(1,P[2(0,-19353)(1,2112)(2,13420)])(2,P[1(0,-18779)(1,15055)])(3,P[0(0,2516)])])(1,P[2(0,P[2(0,7009)(1,-16443)(2,-186)])(1,P[1(0,29818)(1,26634)])(2,P[0(0,-18964)])])(2,P[1(0,P[1(0,4250)(1,4115)])(1,P[0(0,26963)])])(3,P[0(0,P[0(0,10712)])])]
P P[3(0,P[3(0,P[3(0,-23865)(1,-31765)(2,18829)(3,11842)])(1,P[2(0,29595)(1,-28206)(2,-23687)])(2,P[1(0,-22461)(1,-11227)])(3,P[0(0,-1649)])])(1,P[2(0,P[2(0,-3089)(1,12248)(2,-20373)])(1,P[1(0,-7021)(1,-14595)])(2,P[0(0,-19900)])])(2,P[1(0,P[1(0,-20159)(1,-13175)])(1,P[0(0,12473)])])(3,P[0(0,P[0(0,22048)])])]
P P[3(0,P[3(0,P[3(0,-14954)(1,20550)(2,15485)(3,26176)])(1,P[2(0,14695)(1,-12046)(2,-13264)])(2,P[1(0,20121)(1,-27292)])(3,P[0(0,-6009)])])(1,P[2(0,P[2(0,1852)(1,-22290)(2,20625)])(1,P[1(0,-29690)(1,-13181)])(2,P[0(0,15527)])])(2,P[1(0,P[1(0,-26512)(1,-9965)])(1,P[0(0,-10673)])])(3,P[0(0,P[0(0,-315)])])]
P P[3(0,P[3(0,P[3(0,18459)(1,-22112)(2,9979)(3,-9024)])(1,P[2(0,-10119)(1,8482)(2,24051)])(2,P[1(0,5178)(1,-27219)])(3,P[0(0,6043)])])(1,P[2(0,P[2(0,-19060)(1,11840)(2,-1742)])(1,P[1(0,8756)(1,-3352)])(2,P[0(0,4551)])])(2,P[1(0,P[1(0,-3805)(1,16632)])(1,P[0(0,-29319)])])(3,P[0(0,P[0(0,30083)])])]
P P[3(0,P[3(0,P[3(0,31942)(1,-3796)(2,4161)(3,-9637)])(1,P[2(0,30260)(1,-16157)(2,15732)])(2,P[1(0,-13293)(1,25299)])(3,P[0(0,25169)])])(1,P[2(0,P[2(0,16152)(1,-5045)(2,-25311)])(1,P[1(0,12489)(1,-11466)])(2,P[0(0,-8407)])])(2,P[1(0,P[1(0,13348)(1,-25011)])(1,P[0(0,-2455)])])(3,P[0(0,P[0(0,25799)])])]
P P[3(0,P[3(0,P[3(0,-19908)(1,-27736)(2,-26423)(3,24978)])(1,P[2(0,16914)(1,-11131)(2,-16468)])(2,P[1(0,-12549)(1,-4452)])(3,P[0(0,-13059)])])(1,P[2(0,P[2(0,9302)(1,-18497)(2,12703)])(1,P[1(0,31788)(1,16788)])(2,P[0(0,14622)])])(2,P[1(0,P[1(0,17767)(1,-14071)])(1,P[0(0,-13341)])])(3,P[0(0,P[0(0,28353)])])]
