30
P P[3(0,P[3(0,P[3(0,-8506)(1,-17205)(2,22012)(3,27873)])(1,P[2(0,-17261)(1,20887)(2,-5284)])(2,P[1(0,-3583)(1,10984)])(3,P[0(0,18180)])])(1,P[2(0,P[2(0,25024)(1,-23918)(2,-13630)])(1,P[1(0,379)(1,3742)])(2,P[0(0,-28813)])])(2,P[1(0,P[1(0,21644)(1,-11210)])(1,P[0(0,-9928)])])(3,P[0(0,P[0(0,12033)])])]
P P[3(0,P[3(0,P[3(0,-15974)(1,21874)(2,13624)(3,1126)])(1,P[2(0,6123)(1,9285)(2,30288)])(2,P[1(0,-17543)(1,21871)])(3,P[0(0,16031)])])(1,P[2(0,P[2(0,-1153)(1,-2117)(2,-31093)])(1,P[1(0,-10151)(1,-4906)])(2,P[0(0,-25710)])])(2,P[1(0,P[1(0,-16715)(1,16517)])(1,P[0(0,18346)])])(3,P[0(0,P[0(0,-24136)])])]
P P[3(0,P[3(0,P[3(0,-26147)(1,-32374)(2,18977)(3,2411)])(1,P[2(0,1872)(1,1431)(2,-2114)])(2,P[1(0,-17726)(1,28719)])(3,P[0(0,-14299)])])(1,P[2(0,P[2(0,-619)(1,-11340)(2,2103)])(1,P[1(0,-1523)(1,-12619)])(2,P[0(0,28935)])])(2,P[1(0,P[1(0,23814)(1,7176)])(1,P[0(0,27338)])])(3,P[0(0,P[0(0,-7081)])])]
P P[3(0,P[3(0,P[3(0,-15747)(1,-18119)(2,-26175)(3,-10142)])(1,P[2(0,-7342)(1,18315)(2,6283)])(2,P[1(0,4131)(1,9347)])(3,P[0(0,-14328)])])(1,P[2(0,P[2(0,17050)(1,-21006)(2,-23669)])(1,P[1(0,-5920)(1,19308)])(2,P[0(0,8338)])])(2,P[1(0,P[1(0,-22952)(1,-17926)])(1,P[0(0,20031)])])(3,P[0(0,P[0(0,-6711)])])]
P P[3(0,P[3(0,P[3(0,20831)(1,-19831)(2,-12907)(3,-20916)])(1,P[2(0,-26780)(1,27261)(2,-14938)])(2,P[1(0,-26253)(1,28028)])(3,P[0(0,18964)])])(1,P[2(0,P[2(0,2228)(1,27426)(2,-26148)])(1,P[1(0,7146)(1,10371)])(2,P[0(0,-13617)])])(2,P[1(0,P[1(0,10148)(1,-31848)])(1,P[0(0,-6014)])])(3,P[0(0,P[0(0,25105)])])]
P P[3(0,P[3(0,P[3(0,12143)(1,-8796)(2,-1697)(3,-32434)])(1,P[2(0,-32672)(1,3282)(2,3861)])(2,P[1(0,-16012)(1,-29312)])(3,P[0(0,-19012)])])(1,P[2(0,P[2(0,-23945)(1,2473)(2,7491)])(1,P[1(0,15708)(1,10336)])(2,P[0(0,-14760)])])(2,P[1(0,P[1(0,-12404)(1,12250)])(1,P[0(0,-9396)])])(3,P[0(0,P[0(0,-1291)])])]
P P[3(0,P[3(0,P[3(0,13168)(1,-32307)(2,-13828)(3,-21127)])(1,P[2(0,-15740)(1,10416)(2,30576)])(2,P[1(0,-14320)(1,3922)])(3,P[0(0,12001)])])(1,P[2(0,P[2(0,-13427)(1,22790)(2,-19415)])(1,P[1(0,-30739)(1,7627)])(2,P[0(0,-26307)])])(2,P[1(0,P[1(0,26285)(1,-26338)])(1,P[0(0,8081)])])(3,P[0(0,P[0(0,28570)])])]
P P[3(0,P[3(0,P[3(0,12615)(1,26244)(2,-4185)(3,21326)])(1,P[2(0,893)(1,13237)(2,21522)])(2,P[1(0,-28459)(1,2453)])(3,P[0(0,-31056)])])(1,P[2(0,P[2(0,-14244)(1,-10271)(2,29754)])(1,P[1(0,-7982)(1,-13440)])(2,P[0(0,29998)])])(2,P[1(0,P[1(0,727)(1,8322)])(1,P[0(0,-22227)])])(3,P[0(0,P[0(0,-6753)])])]
P P[3(0,P[3(0,P[3(0,-6567)(1,-24233)(2,14572)(3,737)])(1,P[2(0,31424)(1,24111)(2,26468)])(2,P[1(0,6383)(1,29794)])(3,P[0(0,-30131)])])(1,P[2(0,P[2(0,-20772)(1,-28353)(2,12265)])(1,P[1(0,-6610)(1,12562)])(2,P[0(0,13628)])])(2,P[1(0,P[1(0,193)(1,13357)])(1,P[0(0,28492)])])(3,P[0(0,P[0(0,18070)])])]
P P[3(0,P[3(0,P[3(0,-2231)(1,-14735)(2,-28878)(3,-23950)])(1,P[2(0,8613)(1,-32309)(2,-19710)])(2,P[1(0,-4633)(1,5899)])(3,P[0(0,28379)])])(1,P[2(0,P[2(0,23951)(1,15265)(2,-10462)])(1,P[1(0,-31269)(1,12940)])(2,P[0(0,-16092)])])(2,P[1(0,P[1(0,32086)(1,9316)])(1,P[0(0,-9943)])])(3,P[0(0,P[0(0,-27358)])])]
P P[3(0,P[3(0,P[3(0,-19774)(1,-745)(2,-11276)(3,-26701)])(1,P[2(0,-30076)(1,16163)(2,-17578)])(2,P[1(0,7268)(1,5196)])(3,P[0(0,25199)])])(1,P[2(0,P[2(0,32463)(1,-27911)(2,26147)])(1,P[1(0,25300)(1,-864)])(2,P[0(0,28371)])])(2,P[1(0,P[1(0,-7091)(1,-27708)])(1,P[0(0,7030)])])(3,P[0(0,P[0(0,-10384)])])]
P P[3(0,P[3(0,P[3(0,12172)(1,8186)(2,12816)(3,-20729)])(1,P[2(0,6789)(1,5773)(2,9358)])(2,P[1(0,20562)(1,6529)])(3,P[0(0,181)])])(1,P[2(0,P[2(0,26973)(1,5907)(2,22465)])(1,P[1(0,32383)(1,31256)])(2,P[0(0,11133)])])(2,P[1(0,P[1(0,6070)(1,-1939)])(1,P[0(0,16894)])])(3,P[0(0,P[0(0,723)])])]
P P[3(0,P[3(0,P[3(0,27174)(1,-26591)(2,32662)(3,14956)])(1,P[2(0,9184)(1,-2841)(2,6949)])(2,P[1(0,-14416)(1,11936)])(3,P[0(0,19044)])])(1,P[2(0,P[2(0,-6013)(1,1782)(2,30459)])(1,P[1(0,6477)(1,10786)])(2,P[0(0,16751)])])(2,P[1(0,P[1(0,28546)(1,20749)])(1,P[0(0,-27208)])])(3,P[0(0,P[0(0,-20288)])])]
P P[3(0,P[3(0,P[3(0,10056)(1,-18122)(2,-28400)(3,1883)])(1,P[2(0,19283)(1,19704)(2,-13241)])(2,P[1(0,6663)(1,-17700)])(3,P[0(0,1669)])])(1,P[2(0,P[2(0,-25979)(1,24442)(2,-2981)])(1,P[1(0,-26351)(1,-26404)])(2,P[0(0,1417)])])(2,P[1(0,P[1(0,-31157)(1,25321)])(1,P[0(0,-9685)])])(3,P[0(0,P[0(0,31690)])])]
P P[3(0,P[3(0,P[3(0,-24755)(1,-5541)(2,19648)(3,31616)])(1,P[2(0,-14250)(1,-3129)(2,816)])(2,P[1(0,-31850)(1,7728)])(3,P[0(0,-19681)])])(1,P[2(0,P[2(0,-3187)(1,4308)(2,23544)])(1,P[1(0,12419)(1,-4637)])(2,P[0(0,7987)])])(2,P[1(0,P[1(0,-619)(1,-16466)])(1,P[0(0,-1678)])])(3,P[0(0,P[0(0,19508)])])]
P P[3(0,P[3(0,P[3(0,-13170)(1,24050)(2,-20836)(3,-28358)])(1,P[2(0,-11578)(1,3571)(2,-2516)])(2,P[1(0,-10643)(1,16156)])(3,P[0(0,32142)])])(1,P[2(0,P[2(0,11183)(1,-12047)(2,-7028)])(1,P[1(0,-10893)(1,-13209)])(2,P[0(0,28080)])])(2,P[1(0,P[1(0,22166)(1,6021)])(1,P[0(0,-11222)])])(3,P[0(0,P[0(0,24917)])])]
P P[3(0,P[3(0,P[3(0,32546)(1,2541)(2,6196)(3,-23203)])(1,P[2(0,25688)(1,-9926)(2,-10776)])(2,P[1(0,13489)(1,9168)])(3,P[0(0,-30086)])])(1,P[2(0,P[2(0,-19577)(1,-11252)(2,-517)])(1,P[1(0,27093)(1,-15215)])(2,P[0(0,-4782)])])(2,P[1(0,P[1(0,-13869)(1,-28936)])(1,P[0(0,5908)])])(3,P[0(0,P[0(0,12903)])])]
P P[3(0,P[3(0,P[3(0,-31931)(1,21883)(2,-28216)(3,-28619)])(1,P[2(0,16988)(1,7090)(2,26261)])(2,P[1(0,-2248)(1,-19719)])(3,P[0(0,-19941)])])(1,P[2(0,P[2(0,-26808)(1,-23332)(2,-17217)])(1,P[1(0,600)(1,28211)])(2,P[0(0,-30642)])])(2,P[1(0,P[1(0,-21166)(1,19742)])(1,P[0(0,-30434)])])(3,P[0(0,P[0(0,21834)])])]
P P[3(0,P[3(0,P[3(0,-32663)(1,-10220)(2,-7257)(3,-12684)])(1,P[2(0,22868)(1,-3125)(2,18641)])(2,P[1(0,-16446)(1,2569)])(3,P[0(0,30970)])])(1,P[2(0,P[2(0,27043)(1,14743)(2,-22924)])(1,P[1(0,-29658)(1,31421)])(2,P[0(0,2068)])])(2,P[1(0,P[1(0,-29394)(1,-25467)])(1,P[0(0,-29345)])])(3,P[0(0,P[0(0,-19489)])])]
P P[3(0,P[3(0,P[3(0,7171)(1,9845)(2,-15420)(3,1967)])(1,P[2(0,21674)(1,-21679)(2,5443)])(2,P[1(0,16439)(1,-3433)])(3,P[0(0,-25001)])])(1,P[2(0,P[2(0,-6986)(1,2539)(2,12781)])(1,P[1(0,27554)(1,-24757)])(2,P[0(0,22507)])])(2,P[1(0,P[1(0,-1346)(1,12383)])(1,P[0(0,-25389)])])(3,P[0(0,P[0(0,-8894)])])]
P P[3(0,P[3(0,P[3(0,-15455)(1,26787)(2,9913)(3,-7618)])(1,P[2(0,-22354)(1,7128)(2,-27106)])(2,P[1(0,-15734)(1,-25043)])(3,P[0(0,-24391)])])(1,P[2(0,P[2(0,-16029)(1,25451)(2,7840)])(1,P[1(0,14448)(1,-10261)])(2,P[0(0,-6801)])])(2,P[1(0,P[1(0,12504)(1,-21325)])(1,P[0(0,10413)])])(3,P[0(0,P[0(0,21143)])])]
P P[3(0,P[3(0,P[3(0,10780)(1,7826)(2,-8992)(3,-22807)])(1,P[2(0,-26104)(1,31377)(2,29959)])(2,P[1(0,-27609)(1,-19447)])(3,P[0(0,4224)])])(1,P[2(0,P[2(0,-18543)(1,-6583)(2,16115)])(1,P[1(0,20050)(1,-2463)])(2,P[0(0,13644)])])(2,P[1(0,P[1(0,29063)(1,32250)])(1,P[0(0,-14820)])])(3,P[0(0,P[0(0,27586)])])]
P P[3(0,P[3(0,P[3(0,-3607)(1,-729)(2,1799)(3,31825)])(1,P[2(0,-13270)(1,-18946)(2,-19917)])(2,P[1(0,27884)(1,19988)])(3,P[0(0,-10149)])])(1,P[2(0,P[2(0,-18653)(1,-31258)(2,26211)])(1,P[1(0,8094)(1,-10585)])(2,P[0(0,17199)])])(2,P[1(0,P[1(0,-16614)(1,451)])(1,P[0(0,-25490)])])(3,P[0(0,P[0(0,-18358)])])]
P P[3(0,P[3(0,P[3(0,17653)(1,31567)(2,-5224)(3,-14422)])(1,P[2(0,-11777)(1,-8106)(2,-23399)])(2,P[1(0,14595)(1,-32453)])(3,P[0(0,-15816)])])(1,P[2(0,P[2(0,824)(1,-11423)(2,-29944)])(1,P[1(0,-5583)(1,-6349)])(2,P[0(0,-7717)])])(2,P[1(0,P[1(0,20504)(1,-30618)])(1,P[0(0,11421)])])(3,P[0(0,P[0(0,20661)])])]
P P[3(0,P[3(0,P[3(0,4884)(1,-31168)(2,26460)(3,30231)])(1,P[2(0,-5534)(1,-26738)(2,-19064)])(2,P[1(0,25583)(1,-25920)])(3,P[0(0,-28251)])])(1,P[2(0,P[2(0,27084)(1,-23622)(2,-186)])(1,P[1(0,20502)(1,-5594)])(2,P[0(0,26190)])])(2,P[1(0,P[1(0,-13874)(1,28657)])(1,P[0(0,-25888)])])(3,P[0(0,P[0(0,-13795)])])]
P P[3(0,P[3(0,P[3(0,23129)(1,3561)(2,25425)(3,-16916)])(1,P[2(0,29840)(1,15189)(2,21661)])(2,P[1(0,-2808)(1,23381)])(3,P[0(0,-21707)])])(1,P[2(0,P[2(0,1479)(1,-14449)(2,29739)])(1,P[1(0,-24851)(1,-14430)])(2,P[0(0,30796)])])(2,P[1(0,P[1(0,-5024)(1,-31152)])(1,P[0(0,-3832)])])(3,P[0(0,P[0(0,10749)])])]
P P[3(0,P[3(0,P[3(0,1523)(1,14073)(2,16645)(3,1100)])(1,P[2(0,23639)(1,14739)(2,9879)])(2,P[1(0,2785)(1,20485)])(3,P[0(0,-7436)])])(1,P[2(0,P[2(0,-25869)(1,-22038)(2,-32035)])(1,P[1(0,16673)(1,-4504)])(2,P[0(0,-28174)])])(2,P[1(0,P[1(0,-28198)(1,4085)])(1,P[0(0,-24817)])])(3,P[0(0,P[0(0,-2987)])])]
P P[3(0,P[3(0,P[3(0,-16843)(1,-15525)(2,17796)(3,28334)])(1,P[2(0,30144)(1,20297)(2,11713)])(2,P[1(0,-2846)(1,-11332)])(3,P[0(0,27314)])])(1,P[2(0,P[2(0,-3801)(1,4892)(2,19582)])(1,P[1(0,26357)(1,-20396)])(2,P[0(0,6018)])])(2,P[1(0,P[1(0,17693)(1,-30980)])(1,P[0(0,-15823)])])(3,P[0(0,P[0(0,-17029)])])]
P P[3(0,P[3(0,P[3(0,23337)(1,-23002)(2,-28549)(3,8384)])(1,P[2(0,5258)(1,16876)(2,-29779)])(2,P[1(0,-25738)(1,22621)])(3,P[0(0,30484)])])(1,P[2(0,P[2(0,-31402)(1,-7171)(2,8646)])(1,P[1(0,-31364)(1,-19691)])(2,P[0(0,-14681)])])(2,P[1(0,P[1(0,18971)(1,12417)])(1,P[0(0,-32279)])])(3,P[0(0,P[0(0,31774)])])]
P P[3(0,P[3(0,P[3(0,-4286)(1,-15707)(2,12489)(3,-16060)])(1,P[2(0,14865)(1,-21263)(2,15551)])(2,P[1(0,-12558)(1,-18680)])(3,P[0(0,28191)])])(1,P[2(0,P[2(0,-29958)(1,14611)(2,16643)])(1,P[1(0,-20465)(1,7768)])(2,P[0(0,-22730)])])(2,P[1(0,P[1(0,10427)(1,-10567)])(1,P[0(0,-9949)])])(3,P[0(0,P[0(0,-9504)])])]
