10
P P[3(0,P[3(0,P[3(0,-6280355721073760428)(1,5158857101585427784)(2,6983666125028955910)(3,6854242195712194204)])(1,P[2(0,-3674035168883475837)(1,-7162436178157399553)(2,-8995460486060259538)])(2,P[1(0,-9035592248224568567)(1,-2076241807762834240)])(3,P[0(0,-2609057911551932937)])])(1,P[2(0,P[2(0,8066694494600212755)(1,2945188884386615071)(2,4095843179389243932)])(1,P[1(0,-3145774893949652717)(1,-4677532619444829791)])(2,P[0(0,-5826673260337502547)])])(2,P[1(0,P[1(0,-2091763146073508105)(1,6396982872135156194)])(1,P[0(0,-7638523915154488605)])])(3,P[0(0,P[0(0,121216613786706729)])])]
P P[3(0,P[3(0,P[3(0,-4068743423864269253)(1,8707562490851015967)(2,1150778145790969898)(3,5159737466626129008)])(1,P[2(0,-2527942386477341221)(1,-2365344696830937121)(2,-5949770879575624677)])(2,P[1(0,-5570534243568175041)(1,-552023049715402265)])(3,P[0(0,2961892604647892987)])])(1,P[2(0,P[2(0,6470419324975239468)(1,-4495347285418982748)(2,5631670829067019268)])(1,P[1(0,7164961513132117412)(1,-2589708159089958263)])(2,P[0(0,97519835671172221)])])(2,P[1(0,P[1(0,-8028140279581461756)(1,-2160620356226372315)])(1,P[0(0,-7297824116023988133)])])(3,P[0(0,P[0(0,-853833242906670233)])])]
P P[3(0,P[3(0,P[3(0,5159284526057627482)(1,5531288005489554070)(2,1179544411039947642)(3,7598575816627814952)])(1,P[2(0,-8681435568268411429)(1,-8526190723559234783)(2,-8120807052705232236)])(2,P[1(0,1244046215074030480)(1,3104030234726341731)])(3,P[0(0,-3116121176106163495)])])(1,P[2(0,P[2(0,3503851817761200051)(1,7955140856506960191)(2,2139201046874975914)])(1,P[1(0,-1374013936416890683)(1,-3035541356192887217)])(2,P[0(0,4379616931887649393)])])(2,P[1(0,P[1(0,8869468317339945382)(1,-3951565286820166731)])(1,P[0(0,-8927049719373773161)])])(3,P[0(0,P[0(0,5242134139227521378)])])]
P P[3(0,P[3(0,P[3(0,-5375155085549938525)(1,4596608991167221756)(2,3576348671202625000)(3,1807384622630174621)])(1,P[2(0,-164553940628260602)(1,-6442131082940866524)(2,-3973254087880927464)])(2,P[1(0,4358732311892619352)(1,-1060260761553128568)])(3,P[0(0,3978229467155759800)])])(1,P[2(0,P[2(0,-6918556195325382245)(1,-5601164557695184218)(2,4542599713060707085)])(1,P[1(0,7214450580489788762)(1,-1491819424148196630)])(2,P[0(0,3772304623529826044)])])(2,P[1(0,P[1(0,8535469649939928533)(1,743256752335610317)])(1,P[0(0,2890367698267664880)])])(3,P[0(0,P[0(0,-2918695301543313850)])])]
P P[3(0,P[3(0,P[3(0,8096405591692777266)(1,8328622798836430540)(2,-173340757494051386)(3,-6364676966338888669)])(1,P[2(0,-1059940093390604337)(1,3478297997757213246)(2,5674308318897927916)])(2,P[1(0,-8449859318674377725)(1,1815494886221716251)])(3,P[0(0,7379561404997152854)])])(1,P[2(0,P[2(0,3926228233130885429)(1,7390475201042649656)(2,-7980678107110057889)])(1,P[1(0,-1025628207086533745)(1,-2489938349936457887)])(2,P[0(0,-9102787078637585750)])])(2,P[1(0,P[1(0,8110537254635683183)(1,6583774863541460855)])(1,P[0(0,6841753067274385918)])])(3,P[0(0,P[0(0,-3124903968013562042)])])]
P P[3(0,P[3(0,P[3(0,4714789335367778515)(1,-2807993782414552455)(2,-3920005803331425837)(3,571036242892523800)])(1,P[2(0,5002136703618923072)(1,934002354902771188)(2,-8821178012011148338)])(2,P[1(0,-6733827052950332636)(1,6776958759976257954)])(3,P[0(0,-4824542972373393547)])])(1,P[2(0,P[2(0,8445962647480486423)(1,6456811215300087959)(2,5910172245340871775)])(1,P[1(0,7459299439380918376)(1,6644716655593766379)])(2,P[0(0,-8283735443230705068)])])(2,P[1(0,P[1(0,-1431263369617836110)(1,-788810522234951680)])(1,P[0(0,1441306401608978432)])])(3,P[0(0,P[0(0,3765775651981534752)])])]
P P[3(0,P[3(0,P[3(0,-9220563516542074414)(1,-987665743497221324)(2,-4502023981565414439)(3,-2471799547555950065)])(1,P[2(0,-3534815437684190109)(1,-1431369459819248582)(2,933666225187347427)])(2,P[1(0,2238989351493978295)(1,4339660004547117081)])(3,P[0(0,-8597380479248363297)])])(1,P[2(0,P[2(0,-7979511982125097749)(1,-2710029011789766532)(2,-5138719870819198096)])(1,P[1(0,-5248911828503565955)(1,-3402590078999150028)])(2,P[0(0,4206124276302673497)])])(2,P[1(0,P[1(0,-5507181538006787504)(1,4582945381012081150)])(1,P[0(0,-6902869463557954819)])])(3,P[0(0,P[0(0,-8652410084141893940)])])]
P P[3(0,P[3(0,P[3(0,7792443714995878701)(1,8041061024486129440)(2,-4376751118903359631)(3,2516679147646016415)])(1,P[2(0,-6917635324043708452)(1,-5642034641079212256)(2,5584824504857284628)])(2,P[1(0,9088270640551011203)(1,-3987662879672190103)])(3,P[0(0,1190863197159325866)])])(1,P[2(0,P[2(0,1074443343983739955)(1,-4658310976846103836)(2,-1949118611015547584)])(1,P[1(0,-398887215282070324)(1,3941042167867502415)])(2,P[0(0,7002551718061628758)])])(2,P[1(0,P[1(0,-2090663976177998339)(1,1477223329242502548)])(1,P[0(0,8231913352723654968)])])(3,P[0(0,P[0(0,-8039903042832095786)])])]
P P[3(0,P[3(0,P[3(0,-3558159450706789734)(1,-5870261394364012601)(2,-1971807643676951507)(3,8011576997207155840)])(1,P[2(0,6333029182855014329)(1,-895375465446682637)(2,5991722766727935382)])(2,P[1(0,6131103137990871248)(1,7614486581806772892)])(3,P[0(0,7879451670297731382)])])(1,P[2(0,P[2(0,3474708907134344448)(1,2264782341965702408)(2,-5836879570257540146)])(1,P[1(0,8544843228999377056)(1,630330706071338806)])(2,P[0(0,3947116605889732887)])])(2,P[1(0,P[1(0,8046087414857232007)(1,-3955045962599368458)])(1,P[0(0,-64884608366868359)])])(3,P[0(0,P[0(0,-7122332884220278152)])])]
P P[3(0,P[3(0,P[3(0,-8810147224974478006)(1,-3633440618064354090)(2,1165743971092970601)(3,6652902218171515264)])(1,P[2(0,4407365960555944877)(1,5811164537996990345)(2,8272599087481682677)])(2,P[1(0,2125779222893823646)(1,-6456838330681045016)])(3,P[0(0,4275907613746691955)])])(1,P[2(0,P[2(0,-6254766559612049766)(1,3393571915546504601)(2,3354378608818412801)])(1,P[1(0,337122987314552450)(1,8968996276091436961)])(2,P[0(0,-4128190417468836818)])])(2,P[1(0,P[1(0,-1780859034863997799)(1,7604116451251618758)])(1,P[0(0,-3784310512354575908)])])(3,P[0(0,P[0(0,4501394495376873815)])])]
