100
P P[3(0,P[3(0,P[3(0,-27346)(1,-27629)(2,7964)(3,25395)])(1,P[2(0,4808)(1,-14750)(2,8449)])(2,P[1(0,10507)(1,-1301)])(3,P[0(0,-31219)])])(1,P[2(0,P[2(0,11126)(1,-28355)(2,17357)])(1,P[1(0,-2946)(1,-95)])(2,P[0(0,18667)])])(2,P[1(0,P[1(0,30239)(1,8957)])(1,P[0(0,30387)])])(3,P[0(0,P[0(0,11124)])])]
P P[3(0,P[3(0,P[3(0,-1298)(1,-8844)(2,-21463)(3,9322)])(1,P[2(0,-19091)(1,10518)(2,16028)])(2,P[1(0,-1601)(1,-22145)])(3,P[0(0,25669)])])(1,P[2(0,P[2(0,18099)(1,13526)(2,-6848)])(1,P[1(0,-24171)(1,-9769)])(2,P[0(0,-15205)])])(2,P[1(0,P[1(0,19243)(1,-22214)])(1,P[0(0,-26001)])])(3,P[0(0,P[0(0,17919)])])]
P P[3(0,P[3(0,P[3(0,-18684)(1,-19875)(2,7960)(3,-31470)])(1,P[2(0,18158)(1,-9247)(2,-16071)])(2,P[1(0,-7314)(1,10351)])(3,P[0(0,3422)])])(1,P[2(0,P[2(0,9413)(1,4457)(2,7960)])(1,P[1(0,-31912)(1,9256)])(2,P[0(0,-30454)])])(2,P[1(0,P[1(0,4205)(1,-22878)])(1,P[0(0,23913)])])(3,P[0(0,P[0(0,27543)])])]
P P[3(0,P[3(0,P[3(0,-11675)(1,-3864)(2,1154)(3,-3402)])(1,P[2(0,12036)(1,-30562)(2,2272)])(2,P[1(0,-6481)(1,31275)])(3,P[0(0,-6080)])])(1,P[2(0,P[2(0,-5115)(1,-25304)(2,-29529)])(1,P[1(0,29749)(1,-24512)])(2,P[0(0,26078)])])(2,P[1(0,P[1(0,5385)(1,23874)])(1,P[0(0,-1077)])])(3,P[0(0,P[0(0,14913)])])]
P P[3(0,P[3(0,P[3(0,-16151)(1,-20895)(2,-8775)(3,1157)])(1,P[2(0,17437)(1,-15017)(2,-9041)])(2,P[1(0,-28355)(1,-2028)])(3,P[0(0,-10326)])])(1,P[2(0,P[2(0,3349)(1,-31326)(2,9552)])(1,P[1(0,29352)(1,24764)])(2,P[0(0,25242)])])(2,P[1(0,P[1(0,10804)(1,22342)])(1,P[0(0,29247)])])(3,P[0(0,P[0(0,-4747)])])]
P P[3(0,P[3(0,P[3(0,-27138)(1,-2910)(2,12584)(3,2042)])(1,P[2(0,-17305)(1,-16718)(2,-11185)])(2,P[1(0,-90)(1,-116)])(3,P[0(0,-20276)])])(1,P[2(0,P[2(0,24316)(1,-2088)(2,16433)])(1,P[1(0,-16963)(1,-26785)])(2,P[0(0,-27279)])])(2,P[1(0,P[1(0,-22521)(1,22777)])(1,P[0(0,-25862)])])(3,P[0(0,P[0(0,-19106)])])]
P P[3(0,P[3(0,P[3(0,9764)(1,29391)(2,-6432)(3,19867)])(1,P[2(0,21550)(1,-9678)(2,-28204)])(2,P[1(0,-12658)(1,-23093)])(3,P[0(0,21419)])])(1,P[2(0,P[2(0,2019)(1,-22934)(2,-24315)])(1,P[1(0,-3156)(1,8921)])(2,P[0(0,24840)])])(2,P[1(0,P[1(0,270)(1,-15152)])(1,P[0(0,-31210)])])(3,P[0(0,P[0(0,3158)])])]
P P[3(0,P[3(0,P[3(0,21507)(1,3346)(2,-18231)(3,29067)])(1,P[2(0,9318)(1,-10451)(2,-20582)])(2,P[1(0,198)(1,14601)])(3,P[0(0,16374)])])(1,P[2(0,P[2(0,-10439)(1,26585)(2,27762)])(1,P[1(0,5254)(1,27963)])(2,P[0(0,-6700)])])(2,P[1(0,P[1(0,-23925)(1,6622)])(1,P[0(0,-24616)])])(3,P[0(0,P[0(0,29134)])])]
P P[3(0,P[3(0,P[3(0,22331)(1,26892)(2,-22451)(3,30423)])(1,P[2(0,-24581)(1,-22599)(2,-2538)])(2,P[1(0,-32616)(1,-29842)])(3,P[0(0,-26786)])])(1,P[2(0,P[2(0,-15395)(1,-14240)(2,7722)])(1,P[1(0,31125)(1,31054)])(2,P[0(0,-2427)])])(2,P[1(0,P[1(0,-9062)(1,13119)])(1,P[0(0,882)])])(3,P[0(0,P[0(0,-2265)])])]
P P[3(0,P[3(0,P[3(0,10973)(1,-23306)(2,-8756)(3,-6497)])(1,P[2(0,-29042)(1,31269)(2,20207)])(2,P[1(0,23343)(1,-22966)])(3,P[0(0,8771)])])(1,P[2(0,P[2(0,9147)(1,-6079)(2,-25588)])(1,P[1(0,16498)(1,-9105)])(2,P[0(0,15199)])])(2,P[1(0,P[1(0,6964)(1,16314)])(1,P[0(0,29936)])])(3,P[0(0,P[0(0,19791)])])]
P P[3(0,P[3(0,P[3(0,-12467)(1,21614)(2,-4709)(3,-27815)])(1,P[2(0,31260)(1,11178)(2,-19320)])(2,P[1(0,25258)(1,-21635)])(3,P[0(0,-18343)])])(1,P[2(0,P[2(0,12681)(1,-23944)(2,-5365)])(1,P[1(0,-11762)(1,-29620)])(2,P[0(0,26695)])])(2,P[1(0,P[1(0,-2301)(1,17388)])(1,P[0(0,32519)])])(3,P[0(0,P[0(0,4463)])])]
P P[3(0,P[3(0,P[3(0,-30346)(1,12027)(2,17911)(3,14511)])(1,P[2(0,-14989)(1,-23461)(2,-25267)])(2,P[1(0,-24790)(1,24873)])(3,P[0(0,18369)])])(1,P[2(0,P[2(0,16645)(1,13550)(2,-7119)])(1,P[1(0,-18134)(1,16745)])(2,P[0(0,-7297)])])(2,P[1(0,P[1(0,-14445)(1,16060)])(1,P[0(0,-4040)])])(3,P[0(0,P[0(0,-18113)])])]
P P[3(0,P[3(0,P[3(0,-5772)(1,25479)(2,20665)(3,11236)])(1,P[2(0,28656)(1,18489)(2,-18066)])(2,P[1(0,-9529)(1,-23057)])(3,P[0(0,-12561)])])(1,P[2(0,P[2(0,-4738)(1,18590)(2,7879)])(1,P[1(0,-32164)(1,-510)])(2,P[0(0,-8469)])])(2,P[1(0,P[1(0,-4726)(1,-29737)])(1,P[0(0,-9070)])])(3,P[0(0,P[0(0,19654)])])]
P P[3(0,P[3(0,P[3(0,-9276)(1,5909)(2,-15424)(3,-12874)])(1,P[2(0,-4647)(1,6815)(2,-7193)])(2,P[1(0,-16402)(1,18952)])(3,P[0(0,-21579)])])(1,P[2(0,P[2(0,-31810)(1,22793)(2,-8532)])(1,P[1(0,-27267)(1,-22016)])(2,P[0(0,2058)])])(2,P[1(0,P[1(0,-22001)(1,19767)])(1,P[0(0,-32649)])])(3,P[0(0,P[0(0,-30388)])])]
P P[3(0,P[3(0,P[3(0,21124)(1,28425)(2,19658)(3,-20060)])(1,P[2(0,-25136)(1,9185)(2,24113)])(2,P[1(0,-18875)(1,-20084)])(3,P[0(0,30484)])])(1,P[2(0,P[2(0,-22425)(1,16443)(2,9338)])(1,P[1(0,-17245)(1,-15825)])(2,P[0(0,31962)])])(2,P[1(0,P[1(0,32681)(1,7728)])(1,P[0(0,-9869)])])(3,P[0(0,P[0(0,-14098)])])]
P P[3(0,P[3(0,P[3(0,-17591)(1,-29914)(2,31863)(3,26137)])(1,P[2(0,-15780)(1,17281)(2,219)])(2,P[1(0,32039)(1,18020)])(3,P[0(0,-4996)])])(1,P[2(0,P[2(0,23714)(1,-27870)(2,-11121)])(1,P[1(0,13126)(1,6631)])(2,P[0(0,-7451)])])(2,P[1(0,P[1(0,-21063)(1,-2492)])(1,P[0(0,22805)])])(3,P[0(0,P[0(0,-3116)])])]
P P[3(0,P[3(0,P[3(0,-3360)(1,9481)(2,9547)(3,11008)])(1,P[2(0,-29007)(1,-15196)(2,30208)])(2,P[1(0,17597)(1,1454)])(3,P[0(0,-18753)])])(1,P[2(0,P[2(0,3459)(1,21534)(2,-18615)])(1,P[1(0,9381)(1,31073)])(2,P[0(0,11623)])])(2,P[1(0,P[1(0,12438)(1,23005)])(1,P[0(0,5174)])])(3,P[0(0,P[0(0,-811)])])]
P P[3(0,P[3(0,P[3(0,21428)(1,-26973)(2,-9350)(3,-9788)])(1,P[2(0,25239)(1,-18509)(2,-13677)])(2,P[1(0,-20094)(1,19549)])(3,P[0(0,-12780)])])(1,P[2(0,P[2(0,-13656)(1,-12790)(2,-18506)])(1,P[1(0,-18445)(1,14993)])(2,P[0(0,-27953)])])(2,P[1(0,P[1(0,24894)(1,21833)])(1,P[0(0,11807)])])(3,P[0(0,P[0(0,10449)])])]
P P[3(0,P[3(0,P[3(0,-10548)(1,6448)(2,-14167)(3,8245)])(1,P[2(0,14693)(1,28850)(2,-24692)])(2,P[1(0,28512)(1,14149)])(3,P[0(0,31562)])])(1,P[2(0,P[2(0,-11288)(1,-25223)(2,4713)])(1,P[1(0,11169)(1,20540)])(2,P[0(0,19427)])])(2,P[1(0,P[1(0,-2943)(1,29174)])(1,P[0(0,-24714)])])(3,P[0(0,P[0(0,28497)])])]
P P[3(0,P[3(0,P[3(0,22787)(1,-21078)(2,-30263)(3,19300)])(1,P[2(0,28783)(1,-7329)(2,-31136)])(2,P[1(0,143)(1,-26827)])(3,P[0(0,20213)])])(1,P[2(0,P[2(0,-5659)(1,14854)(2,14530)])(1,P[1(0,26755)(1,-14387)])(2,P[0(0,30071)])])(2,P[1(0,P[1(0,17172)(1,-22158)])(1,P[0(0,-2168)])])(3,P[0(0,P[0(0,-19878)])])]
P P[3(0,P[3(0,P[3(0,-2769)(1,25331)(2,31997)(3,30992)])(1,P[2(0,-32519)(1,-30773)(2,32518)])(2,P[1(0,-22306)(1,-13677)])(3,P[0(0,-3724)])])(1,P[2(0,P[2(0,-31300)(1,-27092)(2,25862)])(1,P[1(0,-17764)(1,-22899)])(2,P[0(0,-13848)])])(2,P[1(0,P[1(0,10120)(1,-18048)])(1,P[0(0,20823)])])(3,P[0(0,P[0(0,-16424)])])]
P P[3(0,P[3(0,P[3(0,-4012)(1,-7019)(2,-30276)(3,-10886)])(1,P[2(0,-8961)(1,-10159)(2,-13954)])(2,P[1(0,-24253)(1,-1525)])(3,P[0(0,-26381)])])(1,P[2(0,P[2(0,2124)(1,-25750)(2,-8399)])(1,P[1(0,-4252)(1,8985)])(2,P[0(0,8745)])])(2,P[1(0,P[1(0,31716)(1,-11972)])(1,P[0(0,6710)])])(3,P[0(0,P[0(0,-30052)])])]
P P[3(0,P[3(0,P[3(0,-9214)(1,29812)(2,-6362)(3,-12020)])(1,P[2(0,-6894)(1,19225)(2,-19093)])(2,P[1(0,-30993)(1,-8479)])(3,P[0(0,3871)])])(1,P[2(0,P[2(0,16416)(1,31741)(2,-28975)])(1,P[1(0,-26448)(1,31376)])(2,P[0(0,-20319)])])(2,P[1(0,P[1(0,-2111)(1,2699)])(1,P[0(0,20066)])])(3,P[0(0,P[0(0,-26460)])])]
P P[3(0,P[3(0,P[3(0,25694)(1,-2150)(2,3121)(3,28638)])(1,P[2(0,-28054)(1,20564)(2,31307)])(2,P[1(0,31540)(1,-29343)])(3,P[0(0,3158)])])(1,P[2(0,P[2(0,23855)(1,5730)(2,18042)])(1,P[1(0,-25894)(1,27257)])(2,P[0(0,-12197)])])(2,P[1(0,P[1(0,-5263)(1,17238)])(1,P[0(0,28236)])])(3,P[0(0,P[0(0,-3396)])])]
P P[3(0,P[3(0,P[3(0,-5477)(1,-24736)(2,23014)(3,-23736)])(1,P[2(0,-4713)(1,19441)(2,-31868)])(2,P[1(0,-26744)(1,17945)])(3,P[0(0,28376)])])(1,P[2(0,P[2(0,11697)(1,-12878)(2,-24713)])(1,P[1(0,17642)(1,-17073)])(2,P[0(0,28456)])])(2,P[1(0,P[1(0,-5261)(1,22962)])(1,P[0(0,30222)])])(3,P[0(0,P[0(0,-1068)])])]
P P[3(0,P[3(0,P[3(0,22996)(1,30403)(2,30087)(3,6186)])(1,P[2(0,10527)(1,30843)(2,7353)])(2,P[1(0,-10689)(1,-228)])(3,P[0(0,5313)])])(1,P[2(0,P[2(0,-20603)(1,-20817)(2,-31114)])(1,P[1(0,11261)(1,-25020)])(2,P[0(0,-5327)])])(2,P[1(0,P[1(0,-1973)(1,-12634)])(1,P[0(0,-22754)])])(3,P[0(0,P[0(0,912)])])]
P P[3(0,P[3(0,P[3(0,27708)(1,-8997)(2,-9943)(3,-161)])(1,P[2(0,-3228)(1,30107)(2,11437)])(2,P[1(0,-9137)(1,-32712)])(3,P[0(0,5277)])])(1,P[2(0,P[2(0,-6428)(1,7432)(2,-7947)])(1,P[1(0,5943)(1,22156)])(2,P[0(0,-8530)])])(2,P[1(0,P[1(0,-9728)(1,-7703)])(1,P[0(0,-32307)])])(3,P[0(0,P[0(0,-25737)])])]
P P[3(0,P[3(0,P[3(0,355)(1,-19160)(2,-21565)(3,-29558)])(1,P[2(0,16500)(1,-14419)(2,15163)])(2,P[1(0,-27181)(1,-6801)])(3,P[0(0,-17114)])])(1,P[2(0,P[2(0,5595)(1,8175)(2,2802)])(1,P[1(0,-24925)(1,-25495)])(2,P[0(0,-14982)])])(2,P[1(0,P[1(0,20914)(1,-5176)])(1,P[0(0,31507)])])(3,P[0(0,P[0(0,-28635)])])]
P P[3(0,P[3(0,P[3(0,21690)(1,-15323)(2,28486)(3,-32280)])(1,P[2(0,-28582)(1,-27083)(2,-32119)])(2,P[1(0,26208)(1,-361)])(3,P[0(0,1485)])])(1,P[2(0,P[2(0,29595)(1,11845)(2,16270)])(1,P[1(0,-6490)(1,-11175)])(2,P[0(0,-16719)])])(2,P[1(0,P[1(0,32448)(1,5559)])(1,P[0(0,-28858)])])(3,P[0(0,P[0(0,-11716)])])]
P P[3(0,P[3(0,P[3(0,19729)(1,-25780)(2,9575)(3,10119)])(1,P[2(0,10140)(1,13004)(2,2069)])(2,P[1(0,-6084)(1,-28312)])(3,P[0(0,30676)])])(1,P[2(0,P[2(0,24448)(1,7731)(2,31557)])(1,P[1(0,18718)(1,14771)])(2,P[0(0,8131)])])(2,P[1(0,P[1(0,-25187)(1,1179)])(1,P[0(0,-28853)])])(3,P[0(0,P[0(0,-9420)])])]
P P[3(0,P[3(0,P[3(0,23371)(1,22435)(2,-21317)(3,-19277)])(1,P[2(0,-154)(1,-10328)(2,-30722)])(2,P[1(0,2991)(1,26113)])(3,P[0(0,29286)])])(1,P[2(0,P[2(0,30735)(1,31332)(2,25978)])(1,P[1(0,-3983)(1,13208)])(2,P[0(0,8521)])])(2,P[1(0,P[1(0,-14704)(1,32533)])(1,P[0(0,-32660)])])(3,P[0(0,P[0(0,-27119)])])]
P P[3(0,P[3(0,P[3(0,-4013)(1,-21973)(2,7194)(3,31748)])(1,P[2(0,1190)(1,24628)(2,-30974)])(2,P[1(0,9690)(1,-25290)])(3,P[0(0,3099)])])(1,P[2(0,P[2(0,-7738)(1,15328)(2,32724)])(1,P[1(0,23923)(1,29231)])(2,P[0(0,28242)])])(2,P[1(0,P[1(0,18634)(1,-3725)])(1,P[0(0,28423)])])(3,P[0(0,P[0(0,-2050)])])]
P P[3(0,P[3(0,P[3(0,20435)(1,21750)(2,-847)(3,-29449)])(1,P[2(0,11881)(1,31998)(2,12573)])(2,P[1(0,8483)(1,-8116)])(3,P[0(0,25952)])])(1,P[2(0,P[2(0,5046)(1,31978)(2,-23059)])(1,P[1(0,-18654)(1,-31245)])(2,P[0(0,-15793)])])(2,P[1(0,P[1(0,12497)(1,13660)])(1,P[0(0,30573)])])(3,P[0(0,P[0(0,27682)])])]
P P[3(0,P[3(0,P[3(0,-17405)(1,-6284)(2,21439)(3,-18640)])(1,P[2(0,-30445)(1,-10724)(2,20132)])(2,P[1(0,-16172)(1,13415)])(3,P[0(0,11877)])])(1,P[2(0,P[2(0,-30075)(1,2750)(2,-13832)])(1,P[1(0,-28177)(1,-13101)])(2,P[0(0,-17682)])])(2,P[1(0,P[1(0,28655)(1,11433)])(1,P[0(0,13738)])])(3,P[0(0,P[0(0,31151)])])]
P P[3(0,P[3(0,P[3(0,1506)(1,-2352)(2,7280)(3,-17292)])(1,P[2(0,-24714)(1,25956)(2,-7860)])(2,P[1(0,18294)(1,-7770)])(3,P[0(0,3649)])])(1,P[2(0,P[2(0,11227)(1,-7475)(2,22087)])(1,P[1(0,27136)(1,16363)])(2,P[0(0,16502)])])(2,P[1(0,P[1(0,-7053)(1,3588)])(1,P[0(0,-31554)])])(3,P[0(0,P[0(0,-9959)])])]
P P[3(0,P[3(0,P[3(0,31182)(1,24443)(2,3600)(3,-27393)])(1,P[2(0,-4414)(1,-12649)(2,-12538)])(2,P[1(0,18154)(1,-12591)])(3,P[0(0,599)])])(1,P[2(0,P[2(0,-8593)(1,25354)(2,1250)])(1,P[1(0,-565)(1,-27850)])(2,P[0(0,-26634)])])(2,P[1(0,P[1(0,9539)(1,-8027)])(1,P[0(0,12405)])])(3,P[0(0,P[0(0,-29608)])])]
P P[3(0,P[3(0,P[3(0,27648)(1,11341)(2,-24188)(3,10581)])(1,P[2(0,-3800)(1,-12173)(2,-15662)])(2,P[1(0,-13899)(1,23304)])(3,P[0(0,32099)])])(1,P[2(0,P[2(0,-2637)(1,-31790)(2,9)])(1,P[1(0,24967)(1,9226)])(2,P[0(0,15897)])])(2,P[1(0,P[1(0,9543)(1,-5646)])(1,P[0(0,-13813)])])(3,P[0(0,P[0(0,16519)])])]
P P[3(0,P[3(0,P[3(0,20916)(1,2824)(2,31072)(3,-3051)])(1,P[2(0,-3907)(1,2376)(2,-18138)])(2,P[1(0,12817)(1,11155)])(3,P[0(0,-13964)])])(1,P[2(0,P[2(0,-29874)(1,-29178)(2,28216)])(1,P[1(0,501)(1,31290)])(2,P[0(0,28517)])])(2,P[1(0,P[1(0,-31228)(1,17764)])(1,P[0(0,21061)])])(3,P[0(0,P[0(0,18087)])])]
P P[3(0,P[3(0,P[3(0,-6273)(1,10847)(2,-27859)(3,19885)])(1,P[2(0,-30621)(1,-16244)(2,-2918)])(2,P[1(0,30)(1,23832)])(3,P[0(0,7252)])])(1,P[2(0,P[2(0,-12318)(1,-631)(2,26358)])(1,P[1(0,-12710)(1,-24895)])(2,P[0(0,-6622)])])(2,P[1(0,P[1(0,7577)(1,10637)])(1,P[0(0,1990)])])(3,P[0(0,P[0(0,21750)])])]
P P[3(0,P[3(0,P[3(0,-7717)(1,-7605)(2,24570)(3,28347)])(1,P[2(0,-20381)(1,4290)(2,-7088)])(2,P[1(0,5547)(1,12968)])(3,P[0(0,4634)])])(1,P[2(0,P[2(0,-17284)(1,-26891)(2,20193)])(1,P[1(0,-26975)(1,22194)])(2,P[0(0,4117)])])(2,P[1(0,P[1(0,17425)(1,-28008)])(1,P[0(0,19869)])])(3,P[0(0,P[0(0,-12633)])])]
P P[3(0,P[3(0,P[3(0,-14578)(1,26165)(2,-24355)(3,13281)])(1,P[2(0,-12762)(1,27014)(2,-30579)])(2,P[1(0,-8491)(1,15047)])(3,P[0(0,-24507)])])(1,P[2(0,P[2(0,-401)(1,-26739)(2,6554)])(1,P[1(0,-31232)(1,-16137)])(2,P[0(0,-2851)])])(2,P[1(0,P[1(0,21121)(1,24921)])(1,P[0(0,-31245)])])(3,P[0(0,P[0(0,-18980)])])]
P P[3(0,P[3(0,P[3(0,29484)(1,-27209)(2,13485)(3,29084)])(1,P[2(0,-11447)(1,-9728)(2,-1190)])(2,P[1(0,-19514)(1,2539)])(3,P[0(0,20924)])])(1,P[2(0,P[2(0,-25452)(1,-6383)(2,-16323)])(1,P[1(0,21729)(1,29532)])(2,P[0(0,9203)])])(2,P[1(0,P[1(0,-7841)(1,11675)])(1,P[0(0,9658)])])(3,P[0(0,P[0(0,-4490)])])]
P P[3(0,P[3(0,P[3(0,13952)(1,5130)(2,-15890)(3,10200)])(1,P[2(0,9477)(1,27400)(2,7232)])(2,P[1(0,32544)(1,-28627)])(3,P[0(0,17885)])])(1,P[2(0,P[2(0,25966)(1,-21993)(2,12744)])(1,P[1(0,27001)(1,14902)])(2,P[0(0,-20081)])])(2,P[1(0,P[1(0,32161)(1,-21764)])(1,P[0(0,13989)])])(3,P[0(0,P[0(0,6566)])])]
P P[3(0,P[3(0,P[3(0,1459)(1,-7599)(2,23954)(3,-6631)])(1,P[2(0,17754)(1,28510)(2,-4484)])(2,P[1(0,-25833)(1,-3415)])(3,P[0(0,28549)])])(1,P[2(0,P[2(0,-23337)(1,30406)(2,-31988)])(1,P[1(0,10867)(1,-5494)])(2,P[0(0,30875)])])(2,P[1(0,P[1(0,-17173)(1,-31805)])(1,P[0(0,-4282)])])(3,P[0(0,P[0(0,-16474)])])]
P P[3(0,P[3(0,P[3(0,18468)(1,-28953)(2,-29657)(3,-8139)])(1,P[2(0,-4677)(1,9812)(2,7324)])(2,P[1(0,-4630)(1,-31751)])(3,P[0(0,31195)])])(1,P[2(0,P[2(0,25926)(1,-29597)(2,-27267)])(1,P[1(0,-14500)(1,14540)])(2,P[0(0,-7664)])])(2,P[1(0,P[1(0,-441)(1,23965)])(1,P[0(0,31959)])])(3,P[0(0,P[0(0,-4957)])])]
P P[3(0,P[3(0,P[3(0,-17111)(1,28287)(2,21260)(3,-20639)])(1,P[2(0,12594)(1,9467)(2,-1998)])(2,P[1(0,26952)(1,-20103)])(3,P[0(0,-4332)])])(1,P[2(0,P[2(0,8713)(1,29339)(2,8558)])(1,P[1(0,-12707)(1,18739)])(2,P[0(0,2684)])])(2,P[1(0,P[1(0,29315)(1,12436)])(1,P[0(0,-22443)])])(3,P[0(0,P[0(0,-2183)])])]
P P[3(0,P[3(0,P[3(0,5023)(1,-3353)(2,31902)(3,-14467)])(1,P[2(0,6602)(1,9437)(2,-448)])(2,P[1(0,-29707)(1,3943)])(3,P[0(0,-29146)])])(1,P[2(0,P[2(0,-27102)(1,-1834)(2,18089)])(1,P[1(0,-29892)(1,-30459)])(2,P[0(0,-19712)])])(2,P[1(0,P[1(0,-32162)(1,-27858)])(1,P[0(0,5516)])])(3,P[0(0,P[0(0,26653)])])]
P P[3(0,P[3(0,P[3(0,5464)(1,22865)(2,1355)(3,-29388)])(1,P[2(0,-15425)(1,31292)(2,-12367)])(2,P[1(0,4453)(1,-14809)])(3,P[0(0,-8826)])])(1,P[2(0,P[2(0,16503)(1,-8374)(2,12039)])(1,P[1(0,964)(1,5242)])(2,P[0(0,7538)])])(2,P[1(0,P[1(0,21701)(1,12867)])(1,P[0(0,-12660)])])(3,P[0(0,P[0(0,-21206)])])]
P P[3(0,P[3(0,P[3(0,-2398)(1,30570)(2,-12433)(3,-13250)])(1,P[2(0,27422)(1,-25737)(2,-15990)])(2,P[1(0,-3378)(1,3285)])(3,P[0(0,-12865)])])(1,P[2(0,P[2(0,7712)(1,-29556)(2,2088)])(1,P[1(0,28238)(1,-29357)])(2,P[0(0,19105)])])(2,P[1(0,P[1(0,-9078)(1,32755)])(1,P[0(0,18085)])])(3,P[0(0,P[0(0,25586)])])]
P P[3(0,P[3(0,P[3(0,-13224)(1,9690)(2,21922)(3,24661)])(1,P[2(0,24657)(1,-10311)(2,-7506)])(2,P[1(0,-29144)(1,-1888)])(3,P[0(0,-20456)])])(1,P[2(0,P[2(0,-24415)(1,-26973)(2,18433)])(1,P[1(0,-1032)(1,-23554)])(2,P[0(0,-27853)])])(2,P[1(0,P[1(0,-2439)(1,6425)])(1,P[0(0,25632)])])(3,P[0(0,P[0(0,-22377)])])]
P P[3(0,P[3(0,P[3(0,-16851)(1,-17338)(2,8446)(3,11146)])(1,P[2(0,3075)(1,18449)(2,-15728)])(2,P[1(0,31628)(1,7965)])(3,P[0(0,-1916)])])(1,P[2(0,P[2(0,28541)(1,14227)(2,26712)])(1,P[1(0,-1808)(1,21116)])(2,P[0(0,16392)])])(2,P[1(0,P[1(0,22130)(1,2393)])(1,P[0(0,-12714)])])(3,P[0(0,P[0(0,16816)])])]
P P[3(0,P[3(0,P[3(0,-1721)(1,27609)(2,14001)(3,-28824)])(1,P[2(0,8466)(1,-1893)(2,32418)])(2,P[1(0,5750)(1,-17003)])(3,P[0(0,-13324)])])(1,P[2(0,P[2(0,23245)(1,21633)(2,32655)])(1,P[1(0,-3337)(1,11814)])(2,P[0(0,-16674)])])(2,P[1(0,P[1(0,-5703)(1,22139)])(1,P[0(0,13218)])])(3,P[0(0,P[0(0,10852)])])]
P P[3(0,P[3(0,P[3(0,-2363)(1,20004)(2,22436)(3,-31486)])(1,P[2(0,775)(1,11729)(2,14517)])(2,P[1(0,-22082)(1,17646)])(3,P[0(0,7017)])])(1,P[2(0,P[2(0,25987)(1,12850)(2,-28122)])(1,P[1(0,-14804)(1,-22813)])(2,P[0(0,-7302)])])(2,P[1(0,P[1(0,13777)(1,1448)])(1,P[0(0,-18276)])])(3,P[0(0,P[0(0,30110)])])]
P P[3(0,P[3(0,P[3(0,26934)(1,15295)(2,15311)(3,10672)])(1,P[2(0,27924)(1,8171)(2,10796)])(2,P[1(0,31892)(1,-30079)])(3,P[0(0,27273)])])(1,P[2(0,P[2(0,13488)(1,-5218)(2,-797)])(1,P[1(0,-15135)(1,18775)])(2,P[0(0,4795)])])(2,P[1(0,P[1(0,29301)(1,-22556)])(1,P[0(0,30602)])])(3,P[0(0,P[0(0,-20832)])])]
P P[3(0,P[3(0,P[3(0,-14540)(1,7588)(2,27906)(3,-32518)])(1,P[2(0,-15680)(1,11265)(2,-25774)])(2,P[1(0,-15529)(1,20687)])(3,P[0(0,-7910)])])(1,P[2(0,P[2(0,-21055)(1,20449)(2,-21592)])(1,P[1(0,17391)(1,6685)])(2,P[0(0,-14101)])])(2,P[1(0,P[1(0,30846)(1,13098)])(1,P[0(0,24796)])])(3,P[0(0,P[0(0,-25187)])])]
P P[3(0,P[3(0,P[3(0,27639)(1,-17743)(2,-18573)(3,7332)])(1,P[2(0,-31055)(1,7913)(2,-28525)])(2,P[1(0,19594)(1,-21819)])(3,P[0(0,-25675)])])(1,P[2(0,P[2(0,28193)(1,-14328)(2,7222)])(1,P[1(0,2273)(1,-12146)])(2,P[0(0,-347)])])(2,P[1(0,P[1(0,8129)(1,-21353)])(1,P[0(0,9133)])])(3,P[0(0,P[0(0,-18549)])])]
P P[3(0,P[3(0,P[3(0,-17555)(1,-26534)(2,15936)(3,24553)])(1,P[2(0,-15235)(1,-8440)(2,10780)])(2,P[1(0,481)(1,-20974)])(3,P[0(0,30072)])])(1,P[2(0,P[2(0,-7400)(1,24871)(2,-9837)])(1,P[1(0,-18506)(1,-27950)])(2,P[0(0,-22017)])])(2,P[1(0,P[1(0,-7588)(1,-14312)])(1,P[0(0,4861)])])(3,P[0(0,P[0(0,4311)])])]
P P[3(0,P[3(0,P[3(0,-29533)(1,30024)(2,10915)(3,-5339)])(1,P[2(0,7111)(1,-31083)(2,16863)])(2,P[1(0,-6800)(1,10709)])(3,P[0(0,-18397)])])(1,P[2(0,P[2(0,-19693)(1,29813)(2,-21825)])(1,P[1(0,-13762)(1,11958)])(2,P[0(0,-31711)])])(2,P[1(0,P[1(0,-15833)(1,1233)])(1,P[0(0,22122)])])(3,P[0(0,P[0(0,16425)])])]
P P[3(0,P[3(0,P[3(0,-18320)(1,20254)(2,30825)(3,-25081)])(1,P[2(0,-31130)(1,22009)(2,-30474)])(2,P[1(0,-17381)(1,31209)])(3,P[0(0,-14336)])])(1,P[2(0,P[2(0,-16062)(1,-21169)(2,18363)])(1,P[1(0,25347)(1,-27735)])(2,P[0(0,-28295)])])(2,P[1(0,P[1(0,485)(1,19153)])(1,P[0(0,-8117)])])(3,P[0(0,P[0(0,3861)])])]
P P[3(0,P[3(0,P[3(0,3469)(1,-6350)(2,-8688)(3,-29309)])(1,P[2(0,-11040)(1,-15286)(2,-24700)])(2,P[1(0,-12168)(1,11069)])(3,P[0(0,-14753)])])(1,P[2(0,P[2(0,20597)(1,-9661)(2,4023)])(1,P[1(0,-19510)(1,31365)])(2,P[0(0,16459)])])(2,P[1(0,P[1(0,-4663)(1,-14689)])(1,P[0(0,20289)])])(3,P[0(0,P[0(0,-15819)])])]
P P[3(0,P[3(0,P[3(0,17934)(1,24913)(2,12489)(3,28617)])(1,P[2(0,12656)(1,7080)(2,-2735)])(2,P[1(0,-31556)(1,-9280)])(3,P[0(0,28744)])])(1,P[2(0,P[2(0,-788)(1,-16266)(2,9069)])(1,P[1(0,-4448)(1,-2233)])(2,P[0(0,-1792)])])(2,P[1(0,P[1(0,5064)(1,-24634)])(1,P[0(0,27291)])])(3,P[0(0,P[0(0,15924)])])]
P P[3(0,P[3(0,P[3(0,16833)(1,15509)(2,28648)(3,3173)])(1,P[2(0,-27694)(1,-10672)(2,-19671)])(2,P[1(0,-13177)(1,-11521)])(3,P[0(0,-19846)])])(1,P[2(0,P[2(0,26994)(1,2516)(2,8698)])(1,P[1(0,-7120)(1,11088)])(2,P[0(0,-31611)])])(2,P[1(0,P[1(0,-26979)(1,-13097)])(1,P[0(0,1019)])])(3,P[0(0,P[0(0,-16959)])])]
P P[3(0,P[3(0,P[3(0,-30338)(1,-26028)(2,22521)(3,-21314)])(1,P[2(0,-7460)(1,-27325)(2,5094)])(2,P[1(0,31171)(1,1316)])(3,P[0(0,-10011)])])(1,P[2(0,P[2(0,8755)(1,-3332)(2,1621)])(1,P[1(0,8629)(1,-373)])(2,P[0(0,-18360)])])(2,P[1(0,P[1(0,20085)(1,24179)])(1,P[0(0,16128)])])(3,P[0(0,P[0(0,-5924)])])]
P P[3(0,P[3(0,P[3(0,-13196)(1,-7244)(2,6481)(3,13075)])(1,P[2(0,-15664)(1,-26590)(2,3313)])(2,P[1(0,-30999)(1,-11012)])(3,P[0(0,-16436)])])(1,P[2(0,P[2(0,-31980)(1,11138)(2,-14557)])(1,P[1(0,-21021)(1,15632)])(2,P[0(0,7792)])])(2,P[1(0,P[1(0,-23845)(1,2700)])(1,P[0(0,12076)])])(3,P[0(0,P[0(0,-5969)])])]
P P[3(0,P[3(0,P[3(0,-27933)(1,28145)(2,5672)(3,32038)])(1,P[2(0,32524)(1,15530)(2,32302)])(2,P[1(0,-19360)(1,-28231)])(3,P[0(0,-2452)])])(1,P[2(0,P[2(0,-16815)(1,-10138)(2,24130)])(1,P[1(0,-5547)(1,5902)])(2,P[0(0,3682)])])(2,P[1(0,P[1(0,-11791)(1,23964)])(1,P[0(0,29380)])])(3,P[0(0,P[0(0,-21173)])])]
P P[3(0,P[3(0,P[3(0,24802)(1,-32102)(2,14828)(3,65)])(1,P[2(0,-32560)(1,28399)(2,13826)])(2,P[1(0,27027)(1,-16368)])(3,P[0(0,18)])])(1,P[2(0,P[2(0,27790)(1,31579)(2,-7453)])(1,P[1(0,32544)(1,-24507)])(2,P[0(0,-23309)])])(2,P[1(0,P[1(0,20675)(1,22194)])(1,P[0(0,18090)])])(3,P[0(0,P[0(0,19884)])])]
P P[3(0,P[3(0,P[3(0,-12910)(1,12757)(2,-8695)(3,31591)])(1,P[2(0,-5287)(1,2774)(2,-28652)])(2,P[1(0,-9026)(1,-26980)])(3,P[0(0,30659)])])(1,P[2(0,P[2(0,17536)(1,-15025)(2,-22123)])(1,P[1(0,-1518)(1,10748)])(2,P[0(0,24978)])])(2,P[1(0,P[1(0,29143)(1,-2309)])(1,P[0(0,8072)])])(3,P[0(0,P[0(0,-19638)])])]
P P[3(0,P[3(0,P[3(0,23894)(1,18698)(2,8836)(3,-32078)])(1,P[2(0,-18989)(1,14253)(2,30200)])(2,P[1(0,-2638)(1,24220)])(3,P[0(0,-25615)])])(1,P[2(0,P[2(0,15284)(1,23806)(2,-15298)])(1,P[1(0,-3268)(1,-23527)])(2,P[0(0,31115)])])(2,P[1(0,P[1(0,5359)(1,27080)])(1,P[0(0,-18163)])])(3,P[0(0,P[0(0,-26489)])])]
P P[3(0,P[3(0,P[3(0,23022)(1,20287)(2,-25538)(3,-12535)])(1,P[2(0,-3152)(1,24501)(2,20885)])(2,P[1(0,-3443)(1,-9206)])(3,P[0(0,-22574)])])(1,P[2(0,P[2(0,-17900)(1,17612)(2,-3175)])(1,P[1(0,-25680)(1,-6622)])(2,P[0(0,12148)])])(2,P[1(0,P[1(0,20418)(1,-27625)])(1,P[0(0,-23008)])])(3,P[0(0,P[0(0,30508)])])]
P P[3(0,P[3(0,P[3(0,2079)(1,28370)(2,-12150)(3,28773)])(1,P[2(0,2163)(1,-25557)(2,-12585)])(2,P[1(0,28992)(1,25625)])(3,P[0(0,-14301)])])(1,P[2(0,P[2(0,-28738)(1,22530)(2,-31960)])(1,P[1(0,-4096)(1,-18412)])(2,P[0(0,-28251)])])(2,P[1(0,P[1(0,21334)(1,-17500)])(1,P[0(0,-9327)])])(3,P[0(0,P[0(0,-20210)])])]
P P[3(0,P[3(0,P[3(0,30526)(1,1548)(2,20841)(3,-10262)])(1,P[2(0,24637)(1,-26061)(2,11535)])(2,P[1(0,-12612)(1,19791)])(3,P[0(0,-19290)])])(1,P[2(0,P[2(0,25911)(1,22144)(2,-2285)])(1,P[1(0,13353)(1,31478)])(2,P[0(0,1717)])])(2,P[1(0,P[1(0,-24143)(1,24807)])(1,P[0(0,9868)])])(3,P[0(0,P[0(0,-14281)])])]
P P[3(0,P[3(0,P[3(0,13005)(1,-12612)(2,18040)(3,-874)])(1,P[2(0,20850)(1,-15180)(2,4781)])(2,P[1(0,30951)(1,-501)])(3,P[0(0,-28320)])])(1,P[2(0,P[2(0,7870)(1,19965)(2,2139)])(1,P[1(0,21367)(1,17422)])(2,P[0(0,5200)])])(2,P[1(0,P[1(0,12938)(1,-25639)])(1,P[0(0,-3781)])])(3,P[0(0,P[0(0,4680)])])]
P P[3(0,P[3(0,P[3(0,29930)(1,-13710)(2,20458)(3,-17477)])(1,P[2(0,-13901)(1,2468)(2,-5518)])(2,P[1(0,20028)(1,12163)])(3,P[0(0,-7966)])])(1,P[2(0,P[2(0,13698)(1,19091)(2,25810)])(1,P[1(0,31024)(1,14380)])(2,P[0(0,-2488)])])(2,P[1(0,P[1(0,-17350)(1,27300)])(1,P[0(0,-10581)])])(3,P[0(0,P[0(0,-28559)])])]
P P[3(0,P[3(0,P[3(0,-23728)(1,23464)(2,10255)(3,12417)])(1,P[2(0,32446)(1,26787)(2,10099)])(2,P[1(0,1322)(1,16079)])(3,P[0(0,-15708)])])(1,P[2(0,P[2(0,-19760)(1,-6356)(2,-6953)])(1,P[1(0,3982)(1,4863)])(2,P[0(0,-24925)])])(2,P[1(0,P[1(0,15397)(1,5247)])(1,P[0(0,31505)])])(3,P[0(0,P[0(0,13902)])])]
P P[3(0,P[3(0,P[3(0,-13408)(1,7686)(2,-22853)(3,17614)])(1,P[2(0,26291)(1,-8564)(2,-14452)])(2,P[1(0,-253)(1,-1913)])(3,P[0(0,8049)])])(1,P[2(0,P[2(0,29342)(1,-12294)(2,-26733)])(1,P[1(0,23426)(1,-4641)])(2,P[0(0,20711)])])(2,P[1(0,P[1(0,-27404)(1,1990)])(1,P[0(0,-31319)])])(3,P[0(0,P[0(0,-11866)])])]
P P[3(0,P[3(0,P[3(0,-9984)(1,-733)(2,22350)(3,16739)])(1,P[2(0,8065)(1,-26826)(2,-17914)])(2,P[1(0,11280)(1,-16901)])(3,P[0(0,5064)])])(1,P[2(0,P[2(0,-8600)(1,14941)(2,-6209)])(1,P[1(0,29583)(1,2567)])(2,P[0(0,-14670)])])(2,P[1(0,P[1(0,21249)(1,-18956)])(1,P[0(0,9383)])])(3,P[0(0,P[0(0,-11064)])])]
P P[3(0,P[3(0,P[3(0,-26709)(1,-15120)(2,31952)(3,-29790)])(1,P[2(0,4426)(1,-4202)(2,6522)])(2,P[1(0,-5230)(1,-31304)])(3,P[0(0,-21278)])])(1,P[2(0,P[2(0,-29441)(1,-14044)(2,-23949)])(1,P[1(0,10370)(1,-25986)])(2,P[0(0,27389)])])(2,P[1(0,P[1(0,-30698)(1,2861)])(1,P[0(0,-8813)])])(3,P[0(0,P[0(0,17873)])])]
P P[3(0,P[3(0,P[3(0,1107)(1,31428)(2,-7605)(3,32061)])(1,P[2(0,-9104)(1,-23736)(2,-31928)])(2,P[1(0,15628)(1,-23496)])(3,P[0(0,-17663)])])(1,P[2(0,P[2(0,-17987)(1,23423)(2,791)])(1,P[1(0,-20968)(1,-6965)])(2,P[0(0,4000)])])(2,P[1(0,P[1(0,25654)(1,-29629)])(1,P[0(0,-24910)])])(3,P[0(0,P[0(0,-26222)])])]
P P[3(0,P[3(0,P[3(0,-29108)(1,17591)(2,14943)(3,10502)])(1,P[2(0,-7977)(1,-2550)(2,11169)])(2,P[1(0,25703)(1,6566)])(3,P[0(0,27768)])])(1,P[2(0,P[2(0,-23821)(1,-22977)(2,-32547)])(1,P[1(0,-2165)(1,-17820)])(2,P[0(0,28092)])])(2,P[1(0,P[1(0,216)(1,18490)])(1,P[0(0,-20114)])])(3,P[0(0,P[0(0,26867)])])]
P P[3(0,P[3(0,P[3(0,-21056)(1,-2153)(2,3547)(3,13925)])(1,P[2(0,24735)(1,-27281)(2,-6983)])(2,P[1(0,-4497)(1,29924)])(3,P[0(0,24216)])])(1,P[2(0,P[2(0,18671)(1,18405)(2,2337)])(1,P[1(0,-25999)(1,6764)])(2,P[0(0,-943)])])(2,P[1(0,P[1(0,-30028)(1,22369)])(1,P[0(0,10781)])])(3,P[0(0,P[0(0,-32736)])])]
P P[3(0,P[3(0,P[3(0,25780)(1,-27280)(2,-12525)(3,-32471)])(1,P[2(0,4099)(1,15250)(2,14246)])(2,P[1(0,5762)(1,-29988)])(3,P[0(0,-10546)])])(1,P[2(0,P[2(0,25743)(1,25549)(2,-13293)])(1,P[1(0,5296)(1,17428)])(2,P[0(0,-23003)])])(2,P[1(0,P[1(0,30950)(1,-4099)])(1,P[0(0,-15386)])])(3,P[0(0,P[0(0,31725)])])]
P P[3(0,P[3(0,P[3(0,13468)(1,23680)(2,4048)(3,28273)])(1,P[2(0,-15642)(1,12857)(2,13596)])(2,P[1(0,7211)(1,3241)])(3,P[0(0,-8496)])])(1,P[2(0,P[2(0,-11166)(1,-28637)(2,4465)])(1,P[1(0,-18170)(1,-669)])(2,P[0(0,-9278)])])(2,P[1(0,P[1(0,-7100)(1,12919)])(1,P[0(0,-30003)])])(3,P[0(0,P[0(0,30846)])])]
P P[3(0,P[3(0,P[3(0,31018)(1,-16609)(2,-9043)(3,-31648)])(1,P[2(0,-22094)(1,-25073)(2,13015)])(2,P[1(0,-24416)(1,20105)])(3,P[0(0,-21509)])])(1,P[2(0,P[2(0,-8340)(1,-26400)(2,-29434)])(1,P[1(0,12851)(1,-31353)])(2,P[0(0,-1901)])])(2,P[1(0,P[1(0,5036)(1,475)])(1,P[0(0,-2869)])])(3,P[0(0,P[0(0,14296)])])]
P P[3(0,P[3(0,P[3(0,22106)(1,29568)(2,10345)(3,4075)])(1,P[2(0,-11808)(1,-32326)(2,275)])(2,P[1(0,-6089)(1,22880)])(3,P[0(0,20094)])])(1,P[2(0,P[2(0,13577)(1,16703)(2,27512)])(1,P[1(0,10667)(1,19121)])(2,P[0(0,-31939)])])(2,P[1(0,P[1(0,13943)(1,22021)])(1,P[0(0,15912)])])(3,P[0(0,P[0(0,-3436)])])]
P P[3(0,P[3(0,P[3(0,-4290)(1,-29966)(2,-1999)(3,810)])(1,P[2(0,32336)(1,-27924)(2,19777)])(2,P[1(0,-5140)(1,-5224)])(3,P[0(0,23234)])])(1,P[2(0,P[2(0,-23423)(1,-131)(2,24583)])(1,P[1(0,27143)(1,-12454)])(2,P[0(0,-29837)])])(2,P[1(0,P[1(0,-21459)(1,3303)])(1,P[0(0,-3753)])])(3,P[0(0,P[0(0,-10350)])])]
P P[3(0,P[3(0,P[3(0,12715)(1,22561)(2,26409)(3,-4356)])(1,P[2(0,-19738)(1,-21497)(2,5881)])(2,P[1(0,-1648)(1,14837)])(3,P[0(0,29965)])])(1,P[2(0,P[2(0,8939)(1,-32174)(2,-15424)])(1,P[1(0,15091)(1,10441)])(2,P[0(0,-26653)])])(2,P[1(0,P[1(0,10361)(1,-19870)])(1,P[0(0,-29966)])])(3,P[0(0,P[0(0,-7700)])])]
P P[3(0,P[3(0,P[3(0,-28221)(1,-13154)(2,-19124)(3,-12767)])(1,P[2(0,-6905)(1,-32697)(2,29879)])(2,P[1(0,-11830)(1,7329)])(3,P[0(0,-2979)])])(1,P[2(0,P[2(0,-24)(1,14196)(2,8671)])(1,P[1(0,24126)(1,16983)])(2,P[0(0,-25317)])])(2,P[1(0,P[1(0,13146)(1,-12573)])(1,P[0(0,15525)])])(3,P[0(0,P[0(0,7666)])])]
P P[3(0,P[3(0,P[3(0,-2825)(1,-30902)(2,32442)(3,20333)])(1,P[2(0,32119)(1,2137)(2,-5604)])(2,P[1(0,-30810)(1,-6663)])(3,P[0(0,12360)])])(1,P[2(0,P[2(0,-4656)(1,4266)(2,-24262)])(1,P[1(0,1535)(1,20006)])(2,P[0(0,20624)])])(2,P[1(0,P[1(0,-15725)(1,22996)])(1,P[0(0,7329)])])(3,P[0(0,P[0(0,1972)])])]
P P[3(0,P[3(0,P[3(0,17521)(1,-25204)(2,10324)(3,18461)])(1,P[2(0,-18574)(1,-2103)(2,31599)])(2,P[1(0,-2527)(1,29734)])(3,P[0(0,3949)])])(1,P[2(0,P[2(0,12133)(1,8727)(2,12212)])(1,P[1(0,-16115)(1,-13185)])(2,P[0(0,1515)])])(2,P[1(0,P[1(0,14022)(1,-25928)])(1,P[0(0,18474)])])(3,P[0(0,P[0(0,-22520)])])]
P P[3(0,P[3(0,P[3(0,20784)(1,8749)(2,32043)(3,29883)])(1,P[2(0,-21465)(1,-23912)(2,-24312)])(2,P[1(0,16390)(1,-17550)])(3,P[0(0,-9008)])])(1,P[2(0,P[2(0,29997)(1,2513)(2,-12117)])(1,P[1(0,-9384)(1,10052)])(2,P[0(0,4030)])])(2,P[1(0,P[1(0,-15765)(1,25316)])(1,P[0(0,20337)])])(3,P[0(0,P[0(0,25126)])])]
P P[3(0,P[3(0,P[3(0,19334)(1,-24020)(2,31915)(3,-8342)])(1,P[2(0,-26267)(1,10960)(2,-32265)])(2,P[1(0,-10364)(1,19114)])(3,P[0(0,24472)])])(1,P[2(0,P[2(0,-26659)(1,-5974)(2,-31997)])(1,P[1(0,6007)(1,6896)])(2,P[0(0,27418)])])(2,P[1(0,P[1(0,-25946)(1,5615)])(1,P[0(0,25735)])])(3,P[0(0,P[0(0,25848)])])]
P P[3(0,P[3(0,P[3(0,13898)(1,-27204)(2,31198)(3,-25080)])(1,P[2(0,-4891)(1,-6863)(2,-22137)])(2,P[1(0,11383)(1,31531)])(3,P[0(0,4231)])])(1,P[2(0,P[2(0,8253)(1,5082)(2,1853)])(1,P[1(0,-1299)(1,-2000)])(2,P[0(0,6680)])])(2,P[1(0,P[1(0,15028)(1,28428)])(1,P[0(0,31870)])])(3,P[0(0,P[0(0,-13252)])])]
P P[3(0,P[3(0,P[3(0,-16418)(1,-32592)(2,-3822)(3,-10906)])(1,P[2(0,4456)(1,2112)(2,-24885)])(2,P[1(0,25197)(1,-2054)])(3,P[0(0,21589)])])(1,P[2(0,P[2(0,10965)(1,-7149)(2,-2792)])(1,P[1(0,24611)(1,11753)])(2,P[0(0,23166)])])(2,P[1(0,P[1(0,2901)(1,4398)])(1,P[0(0,467)])])(3,P[0(0,P[0(0,-2140)])])]
P P[3(0,P[3(0,P[3(0,-8400)(1,-23311)(2,8123)(3,13987)])(1,P[2(0,-27619)(1,377)(2,19134)])(2,P[1(0,-2085)(1,-14769)])(3,P[0(0,-26519)])])(1,P[2(0,P[2(0,18307)(1,10090)(2,17715)])(1,P[1(0,7251)(1,20831)])(2,P[0(0,26133)])])(2,P[1(0,P[1(0,15565)(1,-8492)])(1,P[0(0,26277)])])(3,P[0(0,P[0(0,-22291)])])]
P P[3(0,P[3(0,P[3(0,10386)(1,-30941)(2,-10384)(3,30173)])(1,P[2(0,-16661)(1,12460)(2,-31974)])(2,P[1(0,-32100)(1,-27347)])(3,P[0(0,-17410)])])(1,P[2(0,P[2(0,-16914)(1,25293)(2,-24047)])(1,P[1(0,542)(1,32291)])(2,P[0(0,-23488)])])(2,P[1(0,P[1(0,-27371)(1,15111)])(1,P[0(0,20617)])])(3,P[0(0,P[0(0,-2226)])])]
P P[3(0,P[3(0,P[3(0,20753)(1,12823)(2,23380)(3,21183)])(1,P[2(0,-14059)(1,3913)(2,12237)])(2,P[1(0,-23794)(1,-13816)])(3,P[0(0,21312)])])(1,P[2(0,P[2(0,-26744)(1,2258)(2,-29534)])(1,P[1(0,26522)(1,23806)])(2,P[0(0,-32230)])])(2,P[1(0,P[1(0,28961)(1,-28138)])(1,P[0(0,21637)])])(3,P[0(0,P[0(0,-19538)])])]
P P[3(0,P[3(0,P[3(0,-13170)(1,-21185)(2,-7066)(3,25793)])(1,P[2(0,-29577)(1,-3383)(2,-4631)])(2,P[1(0,15077)(1,-331)])(3,P[0(0,5385)])])(1,P[2(0,P[2(0,24185)(1,-3759)(2,2180)])(1,P[1(0,-32063)(1,-11659)])(2,P[0(0,23517)])])(2,P[1(0,P[1(0,24417)(1,-23932)])(1,P[0(0,11757)])])(3,P[0(0,P[0(0,-16180)])])]
P P[3(0,P[3(0,P[3(0,11434)(1,20907)(2,19513)(3,9540)])(1,P[2(0,7683)(1,-5875)(2,-5350)])(2,P[1(0,4501)(1,5727)])(3,P[0(0,-22148)])])(1,P[2(0,P[2(0,17103)(1,1040)(2,32448)])(1,P[1(0,1008)(1,-12783)])(2,P[0(0,-13674)])])(2,P[1(0,P[1(0,13577)(1,30290)])(1,P[0(0,-32447)])])(3,P[0(0,P[0(0,8555)])])]
P P[3(0,P[3(0,P[3(0,8129)(1,1010)(2,-23664)(3,17356)])(1,P[2(0,21052)(1,-1105)(2,-22660)])(2,P[1(0,4164)(1,20354)])(3,P[0(0,3863)])])(1,P[2(0,P[2(0,-8331)(1,-23658)(2,-32561)])(1,P[1(0,30982)(1,31025)])(2,P[0(0,-22710)])])(2,P[1(0,P[1(0,2323)(1,8187)])(1,P[0(0,1671)])])(3,P[0(0,P[0(0,11409)])])]
P P[3(0,P[3(0,P[3(0,1225)(1,8359)(2,-2479)(3,7444)])(1,P[2(0,20799)(1,-3287)(2,8120)])(2,P[1(0,-14569)(1,29638)])(3,P[0(0,2431)])])(1,P[2(0,P[2(0,-16607)(1,-1398)(2,3139)])(1,P[1(0,1792)(1,-29828)])(2,P[0(0,-9586)])])(2,P[1(0,P[1(0,13078)(1,16330)])(1,P[0(0,-510)])])(3,P[0(0,P[0(0,-19724)])])]
