20
P P[3(0,P[3(0,P[3(0,25808)(1,-32021)(2,-29653)(3,-19090)])(1,P[2(0,6116)(1,21493)(2,-12984)])(2,P[1(0,24361)(1,-18929)])(3,P[0(0,-29166)])])(1,P[2(0,P[2(0,743)(1,24133)(2,16672)])(1,P[1(0,31812)(1,9698)])(2,P[0(0,-23397)])])(2,P[1(0,P[1(0,-1845)(1,-29564)])(1,P[0(0,29201)])])(3,P[0(0,P[0(0,-4055)])])]
P P[3(0,P[3(0,P[3(0,546)(1,-26651)(2,-32434)(3,-14656)])(1,P[2(0,25614)(1,6032)(2,-13913)])(2,P[1(0,15305)(1,19465)])(3,P[0(0,-22347)])])(1,P[2(0,P[2(0,26374)(1,-19384)(2,5983)])(1,P[1(0,5888)(1,-7670)])(2,P[0(0,12908)])])(2,P[1(0,P[1(0,-26353)(1,-29086)])(1,P[0(0,-21695)])])(3,P[0(0,P[0(0,9762)])])]
P P[3(0,P[3(0,P[3(0,23245)(1,24345)(2,6299)(3,-17023)])(1,P[2(0,31797)(1,20656)(2,-4486)])(2,P[1(0,-29027)(1,-1066)])(3,P[0(0,-10253)])])(1,P[2(0,P[2(0,15354)(1,23514)(2,-26156)])(1,P[1(0,32202)(1,-19289)])(2,P[0(0,-6337)])])(2,P[1(0,P[1(0,10710)(1,12235)])(1,P[0(0,4684)])])(3,P[0(0,P[0(0,20153)])])]
P P[3(0,P[3(0,P[3(0,-285)(1,-15267)(2,31242)(3,-26910)])(1,P[2(0,-30046)(1,-23554)(2,12054)])(2,P[1(0,-7554)(1,-6172)])(3,P[0(0,16370)])])(1,P[2(0,P[2(0,13754)(1,-27422)(2,11771)])(1,P[1(0,-21400)(1,-29817)])(2,P[0(0,-11841)])])(2,P[1(0,P[1(0,-22194)(1,22373)])(1,P[0(0,31634)])])(3,P[0(0,P[0(0,-20294)])])]
P P[3(0,P[3(0,P[3(0,-28502)(1,7939)(2,-30634)(3,-32074)])(1,P[2(0,-2470)(1,12411)(2,-2889)])(2,P[1(0,3135)(1,19026)])(3,P[0(0,-18744)])])(1,P[2(0,P[2(0,13694)(1,807)(2,-28969)])(1,P[1(0,-5320)(1,-25604)])(2,P[0(0,17043)])])(2,P[1(0,P[1(0,12557)(1,32714)])(1,P[0(0,13612)])])(3,P[0(0,P[0(0,5528)])])]
P P[3(0,P[3(0,P[3(0,28836)(1,27124)(2,14723)(3,-31455)])(1,P[2(0,-29881)(1,-20768)(2,-25952)])(2,P[1(0,1960)(1,-12813)])(3,P[0(0,25155)])])(1,P[2(0,P[2(0,-1625)(1,-32537)(2,-19065)])(1,P[1(0,7584)(1,-19041)])(2,P[0(0,15087)])])(2,P[1(0,P[1(0,26428)(1,-15176)])(1,P[0(0,8969)])])(3,P[0(0,P[0(0,-14730)])])]
P P[3(0,P[3(0,P[3(0,32006)(1,-4767)(2,20791)(3,10824)])(1,P[2(0,20983)(1,-11231)(2,182)])(2,P[1(0,2778)(1,629)])(3,P[0(0,-17250)])])(1,P[2(0,P[2(0,22458)(1,-2418)(2,31021)])(1,P[1(0,8383)(1,9936)])(2,P[0(0,6204)])])(2,P[1(0,P[1(0,24077)(1,-11945)])(1,P[0(0,17977)])])(3,P[0(0,P[0(0,-28694)])])]
P P[3(0,P[3(0,P[3(0,31541)(1,-18461)(2,12302)(3,-26149)])(1,P[2(0,26142)(1,13504)(2,-11590)])(2,P[1(0,-12485)(1,1797)])(3,P[0(0,-6315)])])(1,P[2(0,P[2(0,1897)(1,5491)(2,-3603)])(1,P[1(0,-20536)(1,14269)])(2,P[0(0,6050)])])(2,P[1(0,P[1(0,-30301)(1,-370)])(1,P[0(0,2477)])])(3,P[0(0,P[0(0,-4377)])])]
P P[3(0,P[3(0,P[3(0,-27981)(1,26647)(2,-1475)(3,18971)])(1,P[2(0,4005)(1,-15990)(2,-14716)])(2,P[1(0,-19958)(1,27692)])(3,P[0(0,32531)])])(1,P[2(0,P[2(0,21076)(1,5680)(2,8320)])(1,P[1(0,25598)(1,-17582)])(2,P[0(0,20579)])])(2,P[1(0,P[1(0,3921)(1,10884)])(1,P[0(0,32613)])])(3,P[0(0,P[0(0,19106)])])]
P P[3(0,P[3(0,P[3(0,-20492)(1,15913)(2,-25575)(3,19217)])(1,P[2(0,-16378)(1,-14745)(2,4805)])(2,P[1(0,-10138)(1,-19306)])(3,P[0(0,-6903)])])(1,P[2(0,P[2(0,12267)(1,-27955)(2,10656)])(1,P[1(0,-9480)(1,-21474)])(2,P[0(0,-16090)])])(2,P[1(0,P[1(0,15546)(1,13348)])(1,P[0(0,15403)])])(3,P[0(0,P[0(0,-26877)])])]
P P[3(0,P[3(0,P[3(0,-25536)(1,4996)(2,-32067)(3,28151)])(1,P[2(0,-21902)(1,-12320)(2,-19635)])(2,P[1(0,17539)(1,-5287)])(3,P[0(0,-13173)])])(1,P[2(0,P[2(0,-15372)(1,20631)(2,-11036)])(1,P[1(0,-8172)(1,-6549)])(2,P[0(0,-21561)])])(2,P[1(0,P[1(0,-446)(1,-5919)])(1,P[0(0,2899)])])(3,P[0(0,P[0(0,-36)])])]
P P[3(0,P[3(0,P[3(0,5760)(1,-30932)(2,1658)(3,-5531)])(1,P[2(0,-5525)(1,-27050)(2,24894)])(2,P[1(0,-25978)(1,24326)])(3,P[0(0,26054)])])(1,P[2(0,P[2(0,-28165)(1,2225)(2,-15393)])(1,P[1(0,-23771)(1,5468)])(2,P[0(0,-15863)])])(2,P[1(0,P[1(0,-6871)(1,6671)])(1,P[0(0,-22525)])])(3,P[0(0,P[0(0,10207)])])]
P P[3(0,P[3(0,P[3(0,7202)(1,23335)(2,27109)(3,-2934)])(1,P[2(0,28912)(1,-17424)(2,31815)])(2,P[1(0,27654)(1,12895)])(3,P[0(0,-22076)])])(1,P[2(0,P[2(0,21725)(1,17962)(2,17352)])(1,P[1(0,16727)(1,-10560)])(2,P[0(0,20422)])])(2,P[1(0,P[1(0,-20785)(1,-8529)])(1,P[0(0,25516)])])(3,P[0(0,P[0(0,-24825)])])]
P P[3(0,P[3(0,P[3(0,20076)(1,32506)(2,-6150)(3,-27649)])(1,P[2(0,-30227)(1,-14867)(2,6065)])(2,P[1(0,5420)(1,13722)])(3,P[0(0,9429)])])(1,P[2(0,P[2(0,12537)(1,13605)(2,-19654)])(1,P[1(0,-1186)(1,12019)])(2,P[0(0,-24949)])])(2,P[1(0,P[1(0,4964)(1,-28537)])(1,P[0(0,-18165)])])(3,P[0(0,P[0(0,24265)])])]
P P[3(0,P[3(0,P[3(0,-25420)(1,11795)(2,25011)(3,4081)])(1,P[2(0,14175)(1,21349)(2,30255)])(2,P[1(0,-1576)(1,-17687)])(3,P[0(0,20043)])])(1,P[2(0,P[2(0,-19841)(1,27754)(2,22143)])(1,P[1(0,-32140)(1,14593)])(2,P[0(0,21424)])])(2,P[1(0,P[1(0,-15559)(1,30606)])(1,P[0(0,10288)])])(3,P[0(0,P[0(0,-22645)])])]
P P[3(0,P[3(0,P[3(0,-32133)(1,-9406)(2,15392)(3,-14297)])(1,P[2(0,-25039)(1,-12058)(2,-20314)])(2,P[1(0,-1688)(1,-16472)])(3,P[0(0,-28686)])])(1,P[2(0,P[2(0,6656)(1,-9488)(2,-13522)])(1,P[1(0,32616)(1,-11125)])(2,P[0(0,-14857)])])(2,P[1(0,P[1(0,2098)(1,-4054)])(1,P[0(0,-11129)])])(3,P[0(0,P[0(0,9353)])])]
P P[3(0,P[3(0,P[3(0,-9009)(1,17349)(2,21560)(3,-20389)])(1,P[2(0,-5805)(1,-18913)(2,30998)])(2,P[1(0,12264)(1,-8568)])(3,P[0(0,-15320)])])(1,P[2(0,P[2(0,24533)(1,5203)(2,-16296)])(1,P[1(0,-19880)(1,27702)])(2,P[0(0,4121)])])(2,P[1(0,P[1(0,-19392)(1,25576)])(1,P[0(0,-32734)])])(3,P[0(0,P[0(0,13593)])])]
P P[3(0,P[3(0,P[3(0,15185)(1,24370)(2,25827)(3,-32264)])(1,P[2(0,3325)(1,12404)(2,-23312)])(2,P[1(0,21785)(1,15004)])(3,P[0(0,-6173)])])(1,P[2(0,P[2(0,-18074)(1,15299)(2,-22379)])(1,P[1(0,24531)(1,1747)])(2,P[0(0,-31774)])])(2,P[1(0,P[1(0,8418)(1,-16733)])(1,P[0(0,3515)])])(3,P[0(0,P[0(0,28722)])])]
P P[3(0,P[3(0,P[3(0,13225)(1,26761)(2,22463)(3,31107)])(1,P[2(0,12135)(1,20225)(2,15461)])(2,P[1(0,28160)(1,17711)])(3,P[0(0,-31942)])])(1,P[2(0,P[2(0,6912)(1,-19105)(2,-12611)])(1,P[1(0,-14202)(1,23711)])(2,P[0(0,32386)])])(2,P[1(0,P[1(0,6275)(1,-11676)])(1,P[0(0,5786)])])(3,P[0(0,P[0(0,26897)])])]
P P[3(0,P[3(0,P[3(0,-8339)(1,-7176)(2,-11960)(3,-26048)])(1,P[2(0,13612)(1,-608)(2,-16876)])(2,P[1(0,-7915)(1,-26423)])(3,P[0(0,-26374)])])(1,P[2(0,P[2(0,-23641)(1,20196)(2,-23527)])(1,P[1(0,-16064)(1,-4403)])(2,P[0(0,-21187)])])(2,P[1(0,P[1(0,-20310)(1,29228)])(1,P[0(0,26598)])])(3,P[0(0,P[0(0,9379)])])]
