50
P P[3(0,P[3(0,P[3(0,3668)(1,19520)(2,19231)(3,-23180)])(1,P[2(0,14501)(1,-22106)(2,29829)])(2,P[1(0,-19502)(1,-4203)])(3,P[0(0,9751)])])(1,P[2(0,P[2(0,10120)(1,-21844)(2,-6658)])(1,P[1(0,21815)(1,13685)])(2,P[0(0,-29024)])])(2,P[1(0,P[1(0,-630)(1,-13936)])(1,P[0(0,-8763)])])(3,P[0(0,P[0(0,31917)])])]
P P[3(0,P[3(0,P[3(0,-3538)(1,475)(2,-28903)(3,-19390)])(1,P[2(0,4887)(1,-18147)(2,-3607)])(2,P[1(0,-8127)(1,29057)])(3,P[0(0,27370)])])(1,P[2(0,P[2(0,-31687)(1,32574)(2,-23115)])(1,P[1(0,21290)(1,5682)])(2,P[0(0,17248)])])(2,P[1(0,P[1(0,-28921)(1,-28441)])(1,P[0(0,24635)])])(3,P[0(0,P[0(0,4586)])])]
P P[3(0,P[3(0,P[3(0,-30030)(1,17053)(2,526)(3,22110)])(1,P[2(0,139)(1,4576)(2,1121)])(2,P[1(0,25362)(1,-16760)])(3,P[0(0,13283)])])(1,P[2(0,P[2(0,869)(1,23034)(2,10499)])(1,P[1(0,14216)(1,3893)])(2,P[0(0,8231)])])(2,P[1(0,P[1(0,15493)(1,29303)])(1,P[0(0,-11518)])])(3,P[0(0,P[0(0,-27518)])])]
P P[3(0,P[3(0,P[3(0,4227)(1,-30893)(2,-26447)(3,15179)])(1,P[2(0,16564)(1,10627)(2,20852)])(2,P[1(0,2955)(1,-11648)])(3,P[0(0,12678)])])(1,P[2(0,P[2(0,-6463)(1,-11551)(2,-5273)])(1,P[1(0,-31986)(1,6635)])(2,P[0(0,5651)])])(2,P[1(0,P[1(0,-28263)(1,-20434)])(1,P[0(0,-9887)])])(3,P[0(0,P[0(0,-2189)])])]
P P[3(0,P[3(0,P[3(0,-3542)(1,-25854)(2,22308)(3,22651)])(1,P[2(0,22707)(1,-24584)(2,-16853)])(2,P[1(0,-21639)(1,5500)])(3,P[0(0,-1760)])])(1,P[2(0,P[2(0,31111)(1,1944)(2,8163)])(1,P[1(0,16751)(1,24895)])(2,P[0(0,13720)])])(2,P[1(0,P[1(0,-1753)(1,1909)])(1,P[0(0,-30982)])])(3,P[0(0,P[0(0,-25529)])])]
P P[3(0,P[3(0,P[3(0,24871)(1,21371)(2,14689)(3,-31863)])(1,P[2(0,-1051)(1,12331)(2,29890)])(2,P[1(0,-8746)(1,-20985)])(3,P[0(0,2991)])])(1,P[2(0,P[2(0,28657)(1,-4331)(2,12812)])(1,P[1(0,18087)(1,-16663)])(2,P[0(0,-30846)])])(2,P[1(0,P[1(0,21318)(1,-10446)])(1,P[0(0,-9754)])])(3,P[0(0,P[0(0,9416)])])]
P P[3(0,P[3(0,P[3(0,-23083)(1,-15245)(2,7503)(3,-25169)])(1,P[2(0,22082)(1,-14694)(2,27035)])(2,P[1(0,-3779)(1,-26885)])(3,P[0(0,-421)])])(1,P[2(0,P[2(0,-13067)(1,-18300)(2,31358)])(1,P[1(0,285)(1,-1803)])(2,P[0(0,25545)])])(2,P[1(0,P[1(0,-11526)(1,7904)])(1,P[0(0,-28235)])])(3,P[0(0,P[0(0,6913)])])]
P P[3(0,P[3(0,P[3(0,-12121)(1,-17108)(2,-20745)(3,-14775)])(1,P[2(0,-18185)(1,-9817)(2,9081)])(2,P[1(0,24939)(1,10014)])(3,P[0(0,20311)])])(1,P[2(0,P[2(0,-20292)(1,6857)(2,14167)])(1,P[1(0,-27311)(1,-24228)])(2,P[0(0,30440)])])(2,P[1(0,P[1(0,-29841)(1,-27735)])(1,P[0(0,-19066)])])(3,P[0(0,P[0(0,-20139)])])]
P P[3(0,P[3(0,P[3(0,21914)(1,-23230)(2,-15813)(3,-26350)])(1,P[2(0,-12909)(1,32766)(2,-26155)])(2,P[1(0,-3972)(1,-10669)])(3,P[0(0,3360)])])(1,P[2(0,P[2(0,-9695)(1,-14588)(2,31932)])(1,P[1(0,7814)(1,31424)])(2,P[0(0,23240)])])(2,P[1(0,P[1(0,-1749)(1,3043)])(1,P[0(0,-19463)])])(3,P[0(0,P[0(0,-26549)])])]
P P[3(0,P[3(0,P[3(0,11337)(1,-23128)(2,30023)(3,4637)])(1,P[2(0,-4864)(1,-7746)(2,28333)])(2,P[1(0,30011)(1,-10045)])(3,P[0(0,-11035)])])(1,P[2(0,P[2(0,-9485)(1,-9277)(2,-1795)])(1,P[1(0,16774)(1,21499)])(2,P[0(0,-27171)])])(2,P[1(0,P[1(0,30613)(1,-28332)])(1,P[0(0,-22705)])])(3,P[0(0,P[0(0,-28230)])])]
P P[3(0,P[3(0,P[3(0,-24762)(1,-30642)(2,-23783)(3,-4967)])(1,P[2(0,-18273)(1,2336)(2,-22600)])(2,P[1(0,18322)(1,25772)])(3,P[0(0,19094)])])(1,P[2(0,P[2(0,-30671)(1,-26020)(2,27280)])(1,P[1(0,-10840)(1,16406)])(2,P[0(0,-15057)])])(2,P[1(0,P[1(0,-31210)(1,22530)])(1,P[0(0,-4371)])])(3,P[0(0,P[0(0,6202)])])]
P P[3(0,P[3(0,P[3(0,-18310)(1,-13487)(2,7542)(3,-14581)])(1,P[2(0,-4355)(1,-8574)(2,-21762)])(2,P[1(0,-32717)(1,-27685)])(3,P[0(0,-26590)])])(1,P[2(0,P[2(0,-19974)(1,15586)(2,-20762)])(1,P[1(0,-7119)(1,21675)])(2,P[0(0,1043)])])(2,P[1(0,P[1(0,27032)(1,7272)])(1,P[0(0,-9835)])])(3,P[0(0,P[0(0,25329)])])]
P P[3(0,P[3(0,P[3(0,-17220)(1,-17767)(2,-18106)(3,28827)])(1,P[2(0,19133)(1,-31731)(2,19366)])(2,P[1(0,231)(1,-19140)])(3,P[0(0,-2551)])])(1,P[2(0,P[2(0,-26385)(1,-9493)(2,16895)])(1,P[1(0,19623)(1,27423)])(2,P[0(0,16411)])])(2,P[1(0,P[1(0,14887)(1,-1788)])(1,P[0(0,2042)])])(3,P[0(0,P[0(0,3291)])])]
P P[3(0,P[3(0,P[3(0,-20127)(1,-28138)(2,-5495)(3,11661)])(1,P[2(0,28059)(1,-16317)(2,-18989)])(2,P[1(0,7537)(1,3199)])(3,P[0(0,-8569)])])(1,P[2(0,P[2(0,-31677)(1,-30830)(2,27422)])(1,P[1(0,343)(1,15684)])(2,P[0(0,12225)])])(2,P[1(0,P[1(0,3186)(1,29769)])(1,P[0(0,-13061)])])(3,P[0(0,P[0(0,4237)])])]
P P[3(0,P[3(0,P[3(0,-8471)(1,86)(2,-20785)(3,1883)])(1,P[2(0,-24829)(1,-1209)(2,-29454)])(2,P[1(0,-32749)(1,9299)])(3,P[0(0,23024)])])(1,P[2(0,P[2(0,-2269)(1,-28163)(2,10532)])(1,P[1(0,31418)(1,7182)])(2,P[0(0,13315)])])(2,P[1(0,P[1(0,8984)(1,-18943)])(1,P[0(0,23833)])])(3,P[0(0,P[0(0,-8509)])])]
P P[3(0,P[3(0,P[3(0,711)(1,7111)(2,17167)(3,30657)])(1,P[2(0,3990)(1,20538)(2,4338)])(2,P[1(0,-2851)(1,-16903)])(3,P[0(0,211)])])(1,P[2(0,P[2(0,6552)(1,22443)(2,-27182)])(1,P[1(0,6365)(1,21106)])(2,P[0(0,26622)])])(2,P[1(0,P[1(0,-29778)(1,3137)])(1,P[0(0,-17223)])])(3,P[0(0,P[0(0,17751)])])]
P P[3(0,P[3(0,P[3(0,24240)(1,-8083)(2,-24503)(3,24755)])(1,P[2(0,-24856)(1,22854)(2,-32248)])(2,P[1(0,27925)(1,15516)])(3,P[0(0,8135)])])(1,P[2(0,P[2(0,-17347)(1,16623)(2,-11800)])(1,P[1(0,25670)(1,-5064)])(2,P[0(0,-7893)])])(2,P[1(0,P[1(0,27086)(1,-23614)])(1,P[0(0,4634)])])(3,P[0(0,P[0(0,29316)])])]
P P[3(0,P[3(0,P[3(0,-9727)(1,30084)(2,-26390)(3,-29202)])(1,P[2(0,31525)(1,-3349)(2,24362)])(2,P[1(0,27799)(1,21433)])(3,P[0(0,26047)])])(1,P[2(0,P[2(0,-21583)(1,18414)(2,11514)])(1,P[1(0,-10911)(1,14592)])(2,P[0(0,-1341)])])(2,P[1(0,P[1(0,11343)(1,-30821)])(1,P[0(0,-32762)])])(3,P[0(0,P[0(0,15452)])])]
P P[3(0,P[3(0,P[3(0,-7267)(1,-31699)(2,26755)(3,-13867)])(1,P[2(0,9634)(1,-12318)(2,-24576)])(2,P[1(0,1996)(1,13105)])(3,P[0(0,10103)])])(1,P[2(0,P[2(0,22778)(1,19149)(2,2105)])(1,P[1(0,-18064)(1,-10984)])(2,P[0(0,-653)])])(2,P[1(0,P[1(0,-24621)(1,22587)])(1,P[0(0,19549)])])(3,P[0(0,P[0(0,-2495)])])]
P P[3(0,P[3(0,P[3(0,4277)(1,3879)(2,-23463)(3,20631)])(1,P[2(0,-2162)(1,-27600)(2,-374)])(2,P[1(0,21719)(1,-14753)])(3,P[0(0,24801)])])(1,P[2(0,P[2(0,16558)(1,-19201)(2,8917)])(1,P[1(0,-13407)(1,22504)])(2,P[0(0,3604)])])(2,P[1(0,P[1(0,-8567)(1,-10415)])(1,P[0(0,-18652)])])(3,P[0(0,P[0(0,15829)])])]
P P[3(0,P[3(0,P[3(0,296)(1,-16872)(2,18171)(3,3245)])(1,P[2(0,2943)(1,-11792)(2,-21860)])(2,P[1(0,-11778)(1,31590)])(3,P[0(0,-7364)])])(1,P[2(0,P[2(0,21042)(1,2118)(2,-11454)])(1,P[1(0,-13734)(1,-32163)])(2,P[0(0,-6884)])])(2,P[1(0,P[1(0,20214)(1,21595)])(1,P[0(0,-9648)])])(3,P[0(0,P[0(0,-6538)])])]
P P[3(0,P[3(0,P[3(0,7335)(1,-7054)(2,16651)(3,-32301)])(1,P[2(0,-22152)(1,-25296)(2,13818)])(2,P[1(0,31725)(1,13500)])(3,P[0(0,18989)])])(1,P[2(0,P[2(0,5821)(1,28193)(2,-6593)])(1,P[1(0,7231)(1,-19536)])(2,P[0(0,-13290)])])(2,P[1(0,P[1(0,27130)(1,1059)])(1,P[0(0,-17704)])])(3,P[0(0,P[0(0,32509)])])]
P P[3(0,P[3(0,P[3(0,17807)(1,-20779)(2,-8418)(3,-23674)])(1,P[2(0,-8746)(1,25446)(2,-32060)])(2,P[1(0,-22359)(1,-6577)])(3,P[0(0,-9787)])])(1,P[2(0,P[2(0,-14710)(1,13602)(2,2716)])(1,P[1(0,-16188)(1,8279)])(2,P[0(0,-30267)])])(2,P[1(0,P[1(0,2340)(1,-1669)])(1,P[0(0,6283)])])(3,P[0(0,P[0(0,-9521)])])]
P P[3(0,P[3(0,P[3(0,-4983)(1,-1524)(2,-32417)(3,3479)])(1,P[2(0,18355)(1,22833)(2,-13296)])(2,P[1(0,32583)(1,17941)])(3,P[0(0,20492)])])(1,P[2(0,P[2(0,-13609)(1,4667)(2,-27864)])(1,P[1(0,6934)(1,-13142)])(2,P[0(0,25009)])])(2,P[1(0,P[1(0,-9460)(1,12828)])(1,P[0(0,1816)])])(3,P[0(0,P[0(0,31356)])])]
P P[3(0,P[3(0,P[3(0,22148)(1,-8551)(2,-31767)(3,21215)])(1,P[2(0,2542)(1,-19217)(2,32018)])(2,P[1(0,4916)(1,-15618)])(3,P[0(0,21137)])])(1,P[2(0,P[2(0,-3184)(1,-4591)(2,31920)])(1,P[1(0,-1294)(1,-9303)])(2,P[0(0,18783)])])(2,P[1(0,P[1(0,-27216)(1,-1750)])(1,P[0(0,28505)])])(3,P[0(0,P[0(0,28572)])])]
P P[3(0,P[3(0,P[3(0,-5613)(1,-22085)(2,5700)(3,20123)])(1,P[2(0,-18612)(1,32453)(2,15553)])(2,P[1(0,-14490)(1,-20268)])(3,P[0(0,26669)])])(1,P[2(0,P[2(0,-32305)(1,-32517)(2,-18408)])(1,P[1(0,-3003)(1,-14642)])(2,P[0(0,-10577)])])(2,P[1(0,P[1(0,-26780)(1,-7235)])(1,P[0(0,-32186)])])(3,P[0(0,P[0(0,21533)])])]
P P[3(0,P[3(0,P[3(0,12397)(1,-7518)(2,-31076)(3,19227)])(1,P[2(0,-24353)(1,-15914)(2,-7169)])(2,P[1(0,-17440)(1,-21181)])(3,P[0(0,1146)])])(1,P[2(0,P[2(0,-4086)(1,24847)(2,-20279)])(1,P[1(0,6449)(1,-9654)])(2,P[0(0,-198)])])(2,P[1(0,P[1(0,3231)(1,-17469)])(1,P[0(0,9109)])])(3,P[0(0,P[0(0,2943)])])]
P P[3(0,P[3(0,P[3(0,2682)(1,23039)(2,16919)(3,-29169)])(1,P[2(0,-14198)(1,-13312)(2,18147)])(2,P[1(0,30970)(1,-2172)])(3,P[0(0,-31069)])])(1,P[2(0,P[2(0,17568)(1,11331)(2,22759)])(1,P[1(0,-23770)(1,-19975)])(2,P[0(0,4902)])])(2,P[1(0,P[1(0,14246)(1,18594)])(1,P[0(0,25766)])])(3,P[0(0,P[0(0,18221)])])]
P P[3(0,P[3(0,P[3(0,2672)(1,18029)(2,30086)(3,-7475)])(1,P[2(0,-3925)(1,24286)(2,4351)])(2,P[1(0,245)(1,-28888)])(3,P[0(0,2029)])])(1,P[2(0,P[2(0,3065)(1,-11445)(2,17247)])(1,P[1(0,25300)(1,-19839)])(2,P[0(0,26466)])])(2,P[1(0,P[1(0,11878)(1,3304)])(1,P[0(0,-20998)])])(3,P[0(0,P[0(0,-30287)])])]
P P[3(0,P[3(0,P[3(0,-949)(1,-18215)(2,-9608)(3,-14916)])(1,P[2(0,6574)(1,-28867)(2,15319)])(2,P[1(0,10842)(1,-17858)])(3,P[0(0,25395)])])(1,P[2(0,P[2(0,14187)(1,-5282)(2,5723)])(1,P[1(0,-23730)(1,32000)])(2,P[0(0,30101)])])(2,P[1(0,P[1(0,1662)(1,-19345)])(1,P[0(0,12212)])])(3,P[0(0,P[0(0,10268)])])]
P P[3(0,P[3(0,P[3(0,10474)(1,-10056)(2,15948)(3,-12969)])(1,P[2(0,14393)(1,-441)(2,-19604)])(2,P[1(0,-15535)(1,12309)])(3,P[0(0,-19781)])])(1,P[2(0,P[2(0,15405)(1,23723)(2,-1196)])(1,P[1(0,-26555)(1,-24064)])(2,P[0(0,-29639)])])(2,P[1(0,P[1(0,28020)(1,31734)])(1,P[0(0,14231)])])(3,P[0(0,P[0(0,-24753)])])]
P P[3(0,P[3(0,P[3(0,-3188)(1,25021)(2,-1431)(3,16561)])(1,P[2(0,-4502)(1,5508)(2,-10483)])(2,P[1(0,-2938)(1,-18155)])(3,P[0(0,15722)])])(1,P[2(0,P[2(0,28918)(1,29267)(2,19688)])(1,P[1(0,12362)(1,17179)])(2,P[0(0,19756)])])(2,P[1(0,P[1(0,7148)(1,-21518)])(1,P[0(0,-7991)])])(3,P[0(0,P[0(0,7822)])])]
P P[3(0,P[3(0,P[3(0,1585)(1,-10006)(2,-16417)(3,-8200)])(1,P[2(0,6674)(1,26151)(2,-9523)])(2,P[1(0,6313)(1,850)])(3,P[0(0,-9204)])])(1,P[2(0,P[2(0,7742)(1,29572)(2,-15776)])(1,P[1(0,-14304)(1,26007)])(2,P[0(0,-9220)])])(2,P[1(0,P[1(0,8104)(1,-31806)])(1,P[0(0,-9344)])])(3,P[0(0,P[0(0,-244)])])]
P P[3(0,P[3(0,P[3(0,5789)(1,-16353)(2,10943)(3,-15169)])(1,P[2(0,-510)(1,-16187)(2,-3173)])(2,P[1(0,10401)(1,-19728)])(3,P[0(0,-9315)])])(1,P[2(0,P[2(0,8977)(1,9232)(2,4954)])(1,P[1(0,-6835)(1,24691)])(2,P[0(0,-14956)])])(2,P[1(0,P[1(0,-5117)(1,4809)])(1,P[0(0,25516)])])(3,P[0(0,P[0(0,15043)])])]
P P[3(0,P[3(0,P[3(0,6265)(1,10865)(2,21770)(3,16839)])(1,P[2(0,-4804)(1,19211)(2,27636)])(2,P[1(0,16300)(1,4277)])(3,P[0(0,3975)])])(1,P[2(0,P[2(0,12534)(1,-29266)(2,25378)])(1,P[1(0,27407)(1,14577)])(2,P[0(0,30560)])])(2,P[1(0,P[1(0,14097)(1,26311)])(1,P[0(0,-25155)])])(3,P[0(0,P[0(0,4128)])])]
P P[3(0,P[3(0,P[3(0,49)(1,-10253)(2,-14112)(3,19165)])(1,P[2(0,18237)(1,27997)(2,-5463)])(2,P[1(0,22197)(1,27876)])(3,P[0(0,2462)])])(1,P[2(0,P[2(0,20247)(1,-31720)(2,982)])(1,P[1(0,-1367)(1,-23734)])(2,P[0(0,1379)])])(2,P[1(0,P[1(0,-4320)(1,-13728)])(1,P[0(0,2228)])])(3,P[0(0,P[0(0,-21400)])])]
P P[3(0,P[3(0,P[3(0,5195)(1,3842)(2,1796)(3,-15377)])(1,P[2(0,16656)(1,-19788)(2,716)])(2,P[1(0,-26338)(1,18933)])(3,P[0(0,21621)])])(1,P[2(0,P[2(0,7649)(1,867)(2,23992)])(1,P[1(0,25431)(1,-23837)])(2,P[0(0,25929)])])(2,P[1(0,P[1(0,19458)(1,-15587)])(1,P[0(0,-745)])])(3,P[0(0,P[0(0,-14136)])])]
P P[3(0,P[3(0,P[3(0,-2765)(1,15971)(2,-29161)(3,25931)])(1,P[2(0,15)(1,10918)(2,27090)])(2,P[1(0,-1983)(1,-17649)])(3,P[0(0,-15727)])])(1,P[2(0,P[2(0,-26390)(1,6994)(2,-26138)])(1,P[1(0,-2075)(1,2667)])(2,P[0(0,6580)])])(2,P[1(0,P[1(0,-31129)(1,11674)])(1,P[0(0,-32140)])])(3,P[0(0,P[0(0,8920)])])]
P P[3(0,P[3(0,P[3(0,10010)(1,-15076)(2,9090)(3,16347)])(1,P[2(0,-5262)(1,-8466)(2,-2509)])(2,P[1(0,26518)(1,-4489)])(3,P[0(0,-30826)])])(1,P[2(0,P[2(0,-25992)(1,-23687)(2,-16040)])(1,P[1(0,30043)(1,28158)])(2,P[0(0,32260)])])(2,P[1(0,P[1(0,14150)(1,1308)])(1,P[0(0,17457)])])(3,P[0(0,P[0(0,-2611)])])]
P P[3(0,P[3(0,P[3(0,-13605)(1,13339)(2,-31828)(3,3961)])(1,P[2(0,809)(1,-25298)(2,-485)])(2,P[1(0,-8618)(1,-5475)])(3,P[0(0,20226)])])(1,P[2(0,P[2(0,-17475)(1,-11207)(2,29560)])(1,P[1(0,18754)(1,-22992)])(2,P[0(0,28054)])])(2,P[1(0,P[1(0,-12468)(1,-25237)])(1,P[0(0,-4299)])])(3,P[0(0,P[0(0,6453)])])]
P P[3(0,P[3(0,P[3(0,10268)(1,-23818)(2,12672)(3,-61)])(1,P[2(0,14930)(1,17416)(2,-17028)])(2,P[1(0,-22474)(1,-27999)])(3,P[0(0,-4782)])])(1,P[2(0,P[2(0,-11882)(1,22135)(2,-29918)])(1,P[1(0,11278)(1,14930)])(2,P[0(0,-28445)])])(2,P[1(0,P[1(0,-17882)(1,-31899)])(1,P[0(0,-31)])])(3,P[0(0,P[0(0,25181)])])]
P P[3(0,P[3(0,P[3(0,228)(1,-12993)(2,30128)(3,-25766)])(1,P[2(0,-26979)(1,-22104)(2,-18211)])(2,P[1(0,20024)(1,28613)])(3,P[0(0,-25811)])])(1,P[2(0,P[2(0,-16889)(1,30938)(2,29277)])(1,P[1(0,-32721)(1,-25092)])(2,P[0(0,-17931)])])(2,P[1(0,P[1(0,13946)(1,19115)])(1,P[0(0,3908)])])(3,P[0(0,P[0(0,9605)])])]
P P[3(0,P[3(0,P[3(0,-21097)(1,-26123)(2,32319)(3,32384)])(1,P[2(0,24285)(1,-25343)(2,-27097)])(2,P[1(0,-24042)(1,-9875)])(3,P[0(0,23079)])])(1,P[2(0,P[2(0,13879)(1,-5444)(2,-18187)])(1,P[1(0,-13966)(1,4841)])(2,P[0(0,-16190)])])(2,P[1(0,P[1(0,-6133)(1,29583)])(1,P[0(0,13401)])])(3,P[0(0,P[0(0,29031)])])]
P P[3(0,P[3(0,P[3(0,23325)(1,3483)(2,-11888)(3,23286)])(1,P[2(0,15191)(1,12505)(2,23569)])(2,P[1(0,-29458)(1,-9370)])(3,P[0(0,-11001)])])(1,P[2(0,P[2(0,1310)(1,-23363)(2,-5228)])(1,P[1(0,-4081)(1,-27021)])(2,P[0(0,26127)])])(2,P[1(0,P[1(0,11796)(1,-3979)])(1,P[0(0,-21075)])])(3,P[0(0,P[0(0,-8079)])])]
P P[3(0,P[3(0,P[3(0,-10928)(1,-18717)(2,-5423)(3,-2754)])(1,P[2(0,-31035)(1,14000)(2,-29132)])(2,P[1(0,-9450)(1,920)])(3,P[0(0,17296)])])(1,P[2(0,P[2(0,-24535)(1,4585)(2,-16534)])(1,P[1(0,32183)(1,1522)])(2,P[0(0,-27132)])])(2,P[1(0,P[1(0,29295)(1,21715)])(1,P[0(0,31072)])])(3,P[0(0,P[0(0,-29841)])])]
P P[3(0,P[3(0,P[3(0,-6687)(1,-13446)(2,22424)(3,-4058)])(1,P[2(0,5633)(1,5566)(2,-22612)])(2,P[1(0,-839)(1,25057)])(3,P[0(0,28894)])])(1,P[2(0,P[2(0,8300)(1,-17035)(2,26421)])(1,P[1(0,-22966)(1,6944)])(2,P[0(0,-204)])])(2,P[1(0,P[1(0,22268)(1,28575)])(1,P[0(0,13695)])])(3,P[0(0,P[0(0,-18666)])])]
P P[3(0,P[3(0,P[3(0,32489)(1,32216)(2,-12331)(3,29192)])(1,P[2(0,23356)(1,8546)(2,-30871)])(2,P[1(0,6304)(1,18919)])(3,P[0(0,17357)])])(1,P[2(0,P[2(0,-6851)(1,9554)(2,-18443)])(1,P[1(0,12914)(1,-17386)])(2,P[0(0,-19440)])])(2,P[1(0,P[1(0,-2281)(1,-6372)])(1,P[0(0,-7713)])])(3,P[0(0,P[0(0,-11002)])])]
P P[3(0,P[3(0,P[3(0,24571)(1,-2444)(2,-19741)(3,12706)])(1,P[2(0,5088)(1,5943)(2,-26531)])(2,P[1(0,28924)(1,-3871)])(3,P[0(0,21717)])])(1,P[2(0,P[2(0,-15404)(1,14037)(2,-32313)])(1,P[1(0,27164)(1,-11454)])(2,P[0(0,29237)])])(2,P[1(0,P[1(0,939)(1,-4592)])(1,P[0(0,7411)])])(3,P[0(0,P[0(0,-10424)])])]
P P[3(0,P[3(0,P[3(0,-18006)(1,6295)(2,13429)(3,12777)])(1,P[2(0,-5075)(1,12915)(2,-1754)])(2,P[1(0,-18554)(1,8580)])(3,P[0(0,15570)])])(1,P[2(0,P[2(0,-31614)(1,23795)(2,17988)])(1,P[1(0,-16697)(1,-30981)])(2,P[0(0,28234)])])(2,P[1(0,P[1(0,-8154)(1,-291)])(1,P[0(0,4367)])])(3,P[0(0,P[0(0,31495)])])]
P P[3(0,P[3(0,P[3(0,20719)(1,25899)(2,24351)(3,-3994)])(1,P[2(0,-22316)(1,3098)(2,-14132)])(2,P[1(0,-19898)(1,-31963)])(3,P[0(0,-29477)])])(1,P[2(0,P[2(0,-24824)(1,27544)(2,-10855)])(1,P[1(0,312)(1,5428)])(2,P[0(0,7860)])])(2,P[1(0,P[1(0,14808)(1,8758)])(1,P[0(0,27975)])])(3,P[0(0,P[0(0,9873)])])]
