10
P P[2(0,P[2(0,P[2(0,-3383)(1,-31174)(2,18111)])(1,P[1(0,31979)(1,4853)])(2,P[0(0,-18284)])])(1,P[1(0,P[1(0,21635)(1,9114)])(1,P[0(0,11867)])])(2,P[0(0,P[0(0,24613)])])]
P P[2(0,P[2(0,P[2(0,-25343)(1,-18702)(2,-6592)])(1,P[1(0,4012)(1,23372)])(2,P[0(0,27981)])])(1,P[1(0,P[1(0,807)(1,24895)])(1,P[0(0,12906)])])(2,P[0(0,P[0(0,29939)])])]
P P[2(0,P[2(0,P[2(0,-20494)(1,8096)(2,-4980)])(1,P[1(0,4634)(1,29730)])(2,P[0(0,-19300)])])(1,P[1(0,P[1(0,-31561)(1,9243)])(1,P[0(0,-6490)])])(2,P[0(0,P[0(0,20264)])])]
P P[2(0,P[2(0,P[2(0,18299)(1,19423)(2,31726)])(1,P[1(0,-17408)(1,10436)])(2,P[0(0,19196)])])(1,P[1(0,P[1(0,14516)(1,20249)])(1,P[0(0,-16372)])])(2,P[0(0,P[0(0,17095)])])]
P P[2(0,P[2(0,P[2(0,27497)(1,13200)(2,11111)])(1,P[1(0,326)(1,-17668)])(2,P[0(0,-16272)])])(1,P[1(0,P[1(0,-3531)(1,-5332)])(1,P[0(0,5026)])])(2,P[0(0,P[0(0,-20017)])])]
P P[2(0,P[2(0,P[2(0,25323)(1,-15460)(2,4735)])(1,P[1(0,72)(1,-13529)])(2,P[0(0,6803)])])(1,P[1(0,P[1(0,9001)(1,18219)])(1,P[0(0,-21121)])])(2,P[0(0,P[0(0,-32329)])])]
P P[2(0,P[2(0,P[2(0,-11286)(1,-31749)(2,14359)])(1,P[1(0,10717)(1,28801)])(2,P[0(0,21235)])])(1,P[1(0,P[1(0,-20642)(1,-15608)])(1,P[0(0,-12079)])])(2,P[0(0,P[0(0,-28601)])])]
P P[2(0,P[2(0,P[2(0,2746)(1,24718)(2,17103)])(1,P[1(0,-30508)(1,8087)])(2,P[0(0,16602)])])(1,P[1(0,P[1(0,32191)(1,-2123)])(1,P[0(0,-15659)])])(2,P[0(0,P[0(0,-16053)])])]
P P[2(0,P[2(0,P[2(0,484)(1,6064)(2,-7824)])(1,P[1(0,27952)(1,-8139)])(2,P[0(0,23169)])])(1,P[1(0,P[1(0,28375)(1,-19297)])(1,P[0(0,-3479)])])(2,P[0(0,P[0(0,-2555)])])]
P P[2(0,P[2(0,P[2(0,-30622)(1,-28134)(2,4017)])(1,P[1(0,-16011)(1,17270)])(2,P[0(0,-32329)])])(1,P[1(0,P[1(0,7547)(1,-15965)])(1,P[0(0,18305)])])(2,P[0(0,P[0(0,-11892)])])]
