10
P P[3(0,P[3(0,P[3(1,-458522)(2,16764)(3,860060)])(1,P[2(0,362808)(1,-1135450)(2,60028)])(2,P[1(0,1451232)(1,349278)])(3,P[0(0,-725616)])])(1,P[2(0,P[2(0,992710)(1,636583)(2,-226296)])(1,P[1(0,-954046)(1,-121200)])(2,P[0(0,349278)])])(2,P[1(0,P[1(0,-105797)(1,-490571)])(1,P[0(0,362984)])])(3,P[0(0,P[0(0,-129831)])])]
P P[3(0,P[3(0,P[3(0,-88969272)(1,-58901332)(2,-4531388)(3,1338480)])(1,P[2(0,73873364)(1,-5247366)(2,-927214)])(2,P[1(0,30013352)(1,11767030)])(3,P[0(0,-14917444)])])(1,P[2(0,P[2(0,52512408)(1,-159449005)(2,-620630)])(1,P[1(0,-150946870)(1,56098976)])(2,P[0(0,43627012)])])(2,P[1(0,P[1(0,67276122)(1,-14381037)])(1,P[0(0,-21857472)])])(3,P[0(0,P[0(0,9388800)])])]
P P[3(0,P[3(0,P[3(0,-3254400)(1,4866034)(2,-1959148)(3,1763484)])(1,P[2(0,4905132)(1,-2497612)(2,653642)])(2,P[1(0,-1839376)(1,-4098226)])(3,P[0(0,188644)])])(1,P[2(0,P[2(0,1100366)(1,-5374752)(2,3826123)])(1,P[1(0,-748944)(1,2930590)])(2,P[0(0,4402174)])])(2,P[1(0,P[1(0,4079500)(1,-1254766)])(1,P[0(0,-2926528)])])(3,P[0(0,P[0(0,-3792441)])])]
P P[3(0,P[3(0,P[3(0,285476946)(1,305797775)(2,-155674224)(3,-16754315)])(1,P[2(0,-166041241)(1,-432780312)(2,120288175)])(2,P[1(0,-83022450)(1,165102785)])(3,P[0(0,47336917)])])(1,P[2(0,P[2(0,417801935)(1,41370280)(2,-85151082)])(1,P[1(0,-375851322)(1,115438438)])(2,P[0(0,181753382)])])(2,P[1(0,P[1(0,254479390)(1,-187771924)])(1,P[0(0,-20290680)])])(3,P[0(0,P[0(0,-179214789)])])]
P P[3(0,P[3(0,P[3(0,22406562)(1,-7980982)(2,-8091488)(3,3927990)])(1,P[2(0,-1102736)(1,-14198994)(2,5543074)])(2,P[1(0,-18438598)(1,5339152)])(3,P[0(0,5070700)])])(1,P[2(0,P[2(0,7867909)(1,1641814)(2,288000)])(1,P[1(0,-7456161)(1,-190376)])(2,P[0(0,2185724)])])(2,P[1(0,P[1(0,-5253104)(1,-3092526)])(1,P[0(0,1870021)])])(3,P[0(0,P[0(0,1955373)])])]
P P[3(0,P[3(0,P[3(0,339031692)(1,3260621)(2,-109233255)(3,13602838)])(1,P[2(0,-134084583)(1,-62846385)(2,28220821)])(2,P[1(0,109153247)(1,20000974)])(3,P[0(0,-34042858)])])(1,P[2(0,P[2(0,38508582)(1,-44682520)(2,28559846)])(1,P[1(0,-43441013)(1,23810648)])(2,P[0(0,-12983763)])])(2,P[1(0,P[1(0,-76971316)(1,-3940448)])(1,P[0(0,40585212)])])(3,P[0(0,P[0(0,4026668)])])]
P P[3(0,P[3(0,P[3(1,2568276)(2,2880464)(3,312188)])(1,P[2(0,1493455)(1,10206360)(2,-1620912)])(2,P[1(0,-4014394)(1,589348)])(3,P[0(0,897687)])])(1,P[2(0,P[2(0,893918)(1,6826598)(2,3045782)])(1,P[1(0,237384)(1,6797658)])(2,P[0(0,-633916)])])(2,P[1(0,P[1(0,840853)(1,1734314)])(1,P[0(0,595910)])])(3,P[0(0,P[0(0,-683875)])])]
P P[3(0,P[3(0,P[3(0,13543478358)(1,919583455)(2,-7914266457)(3,2034302570)])(1,P[2(0,-6581580441)(1,-3869245278)(2,2748252843)])(2,P[1(0,-2488971129)(1,1419218307)])(3,P[0(0,1196945880)])])(1,P[2(0,P[2(0,7621442819)(1,4080618483)(2,-5166013614)])(1,P[1(0,-1310288526)(1,-2342943048)])(2,P[0(0,-608307816)])])(2,P[1(0,P[1(0,614648415)(1,1233816381)])(1,P[0(0,-200209038)])])(3,P[0(0,P[0(0,381465568)])])]
P P[3(0,P[3(0,P[3(0,250228428)(1,-392341827)(2,-250228428)(3,392341827)])(1,P[2(0,-2015469911)(1,-650652559)(2,592479282)])(2,P[1(0,99044701)(1,639479515)])(3,P[0(0,-15769940)])])(1,P[2(0,P[2(0,1024697814)(1,3124704063)(2,-1151376519)])(1,P[1(0,657530665)(1,-1096888752)])(2,P[0(0,-650358649)])])(2,P[1(0,P[1(0,-1775319030)(1,-717159762)])(1,P[0(0,1035986958)])])(3,P[0(0,P[0(0,713984508)])])]
P P[3(0,P[3(0,P[3(0,2893182)(1,4507837)(2,1698687)(3,84032)])(1,P[2(0,1916991)(1,5215503)(2,-2410572)])(2,P[1(0,-1770288)(1,-1770288)])(3,P[0(0,1427271)])])(1,P[2(0,P[2(0,288861)(1,11798931)(2,-5747445)])(1,P[1(0,7527660)(1,-6641625)])(2,P[0(0,-935751)])])(2,P[1(0,P[1(0,-7406760)(1,-4598382)])(1,P[0(0,-4723095)])])(3,P[0(0,P[0(0,3269517)])])]
