10
P P[0(0,P[1(0,P[1(0,-4)(1,-4)])(1,P[0(0,2)])])]
P P[1(0,P[1(0,P[1(0,-3)(1,2)])(1,P[0(0,-1)])])(1,P[0(0,P[0(0,-1)])])]
P P[1(0,P[1(0,P[1(1,-6)])(1,P[0(0,3)])])(1,P[0(0,P[0(0,-6)])])]
P P[1(0,P[1(0,P[1(0,1)(1,-3)])(1,P[0(0,1)])])(1,P[0(0,P[0(0,-3)])])]
P P[1(0,P[0(0,P[1(0,1)(1,-1)])])(1,P[0(0,P[0(0,-1)])])]
P P[0(0,P[1(0,P[1(0,4)(1,-6)])(1,P[0(0,4)])])]
P P[0(0,P[1(0,P[1(0,4)(1,-2)])(1,P[0(0,-3)])])]
P P[1(0,P[1(0,P[1(0,-4)(1,3)])(1,P[0(0,-2)])])(1,P[0(0,P[0(0,1)])])]
P P[1(0,P[1(0,P[0(0,-1)])(1,P[0(0,-1)])])(1,P[0(0,P[0(0,1)])])]
P P[1(0,P[1(0,P[0(0,-2)])(1,P[0(0,1)])])(1,P[0(0,P[0(0,2)])])]
