10
P P[2(0,P[2(0,P[2(0,-315)(1,104)(2,48)])(1,P[1(0,15)(1,-102)])(2,P[0(0,104)])])(1,P[1(0,P[1(0,290)(1,-52)])(1,P[0(0,-117)])])(2,P[0(0,P[0(0,-75)])])]
P P[2(0,P[1(0,P[2(0,6)(1,-15)(2,6)])(1,P[1(0,6)(1,-3)])])(1,P[1(0,P[1(0,5)(1,-9)])(1,P[0(0,6)])])(2,P[0(0,P[0(0,-1)])])]
P P[2(0,P[2(0,P[2(1,3)(2,-1)])(1,P[1(0,-1)(1,2)])(2,P[0(0,3)])])(1,P[0(0,P[0(0,1)])])(2,P[0(0,P[0(0,-1)])])]
P P[1(0,P[2(0,P[2(0,4)(1,3)(2,-3)])(1,P[0(0,3)])(2,P[0(0,-1)])])(1,P[1(0,P[0(0,3)])(1,P[0(0,-3)])])]
P P[2(0,P[2(0,P[1(0,14)(1,-9)])(1,P[1(0,8)(1,-13)])(2,P[0(0,-6)])])(1,P[1(0,P[1(0,2)(1,11)])(1,P[0(0,18)])])(2,P[0(0,P[0(0,-14)])])]
P P[2(0,P[1(0,P[2(0,-14)(1,-20)(2,12)])(1,P[1(0,-14)(1,-8)])])(1,P[1(0,P[1(0,15)(1,12)])(1,P[0(0,3)])])(2,P[0(0,P[0(0,-6)])])]
P P[1(0,P[2(0,P[1(0,-8)(1,-2)])(1,P[1(0,17)(1,2)])(2,P[0(0,-9)])])(1,P[1(0,P[0(0,6)])(1,P[0(0,-6)])])]
P P[2(0,P[2(0,P[2(1,2)(2,-1)])(1,P[1(0,1)(1,1)])(2,P[0(0,3)])])(1,P[1(0,P[1(0,1)(1,4)])(1,P[0(0,9)])])(2,P[0(0,P[0(0,6)])])]
P P[2(0,P[2(0,P[2(0,2)(1,1)(2,-1)])(1,P[1(0,1)(1,4)])(2,P[0(0,-3)])])(1,P[0(0,P[1(0,1)(1,-2)])])(2,P[0(0,P[0(0,-3)])])]
P P[1(0,P[2(0,P[1(1,2)])(1,P[0(0,-1)])(2,P[0(0,1)])])(1,P[1(0,P[1(0,2)(1,-2)])(1,P[0(0,-2)])])]
