
http://websitetips.com/colorcharts/visibone/decimal/

 255, 153, 0
 255, 102, 0
 255, 51, 0
 153, 204, 0
 204, 153, 0
 255, 204, 51
 255, 204, 102
 255, 153, 102
 255, 102, 51
 204, 51, 0
 204, 0, 51
 204, 255, 0
 204, 255, 51
 51, 51, 0
 102, 102, 0
 153, 153, 0
 204, 204, 0
 255, 255, 0
 204, 153, 51
 204, 102, 51
 51, 0, 0
 102, 0, 0
 153, 0, 0
 204, 0, 0
 255, 0, 0
 255, 51, 102
 255, 0, 51
 153, 255, 0
 204, 255, 102
 153, 204, 51
 102, 102, 51
 153, 153, 51
 204, 204, 51
 255, 255, 51
 153, 102, 0
 153, 51, 0
 102, 51, 51
 153, 51, 51
 204, 51, 51
 255, 51, 51
 204, 51, 102
 255, 102, 153
 255, 0, 102
 102, 255, 0
 153, 255, 102
 102, 204, 51
 102,
   153,
      0 153,
   153,
      102   204,
   204,
      102   255,
   255,
      102   153,
   102,
      51    102,
   51,
      0 153,
   102,
      102   204,
   102,
      102   255,
   102,
      102   153,
   0,
      51    204,
   51,
      153   255,
   102,
      204   255,
   0,
      153